CACHE type 5 produced by analog 6.0/Unix. Do not modify or delete!
T	0	0	1003	13	130	19	9995256
D	25883371	25971723
17974	162	79	1	1056531
17974	163	4	0	30246
17974	164	15	0	193643
17974	165	3	0	24950
17974	166	6	0	48767
17985	108	85	1	1327293
17985	109	54	0	739500
17985	110	17	1	103942
17985	111	21	1	146649
18001	287	1	0	24
18004	71	1	0	24
18009	69	1	0	24
18009	183	1	0	4603
18010	99	1	0	24
18014	129	72	1	926424
18014	130	24	1	282762
18014	131	45	0	494453
18014	132	19	0	138719
18016	114	10	2	68761
18016	116	34	0	321417
18016	117	35	1	168956
18016	118	43	0	270979
18016	119	32	0	210990
18016	164	3	1	21857
18016	165	36	0	201232
18016	166	11	0	189015
18016	167	13	0	87878
18016	168	1	0	3234
18018	21	1	0	24
18018	75	1	0	4595
18019	133	10	1	60065
18019	136	5	0	30484
18019	137	4	0	23435
18019	141	57	0	298121
18019	142	53	0	327157
18019	145	2	0	12381
18020	133	23	1	140131
18020	134	79	0	767716
18020	135	4	0	137913
18020	136	25	0	395114
18020	137	4	0	22426
18020	138	20	0	205956
18020	139	38	0	253408
18020	141	2	0	7646
18020	145	6	1	245739
18021	110	1	0	24
18035	264	1	0	24
1	19	0	0	0	25949497	0	0	25883372	0	0	20448	/plugins/datatables/media/images/sort_both.png
1	16	0	0	0	25949482	0	0	25883371	0	0	43530	/css/fullcalendar.min.css
1	2	0	0	0	25949526	0	0	25943873	0	0	232845	/payroll-pdfs
1	4	0	0	0	25949481	0	0	25898945	0	0	38211	/payroll/0?sub=3-2019
1	14	0	0	0	25949497	0	0	25883371	0	0	17316	/plugins/datatables/plugins/bootstrap/dataTables.bootstrap.css
1	12	0	0	0	25949481	0	0	25883371	0	0	30140	/plugins/bootstrap-datepicker/css/bootstrap-datepicker3.min.css
1	29	0	0	0	25949497	0	0	25883371	0	0	38276	/plugins/bootstrap-daterangepicker/daterangepicker-bs3.css
1	65	0	0	0	25949495	0	0	25883371	0	0	138304	/plugins/simple-line-icons/simple-line-icons.min.css
1	3	0	0	0	25940808	0	0	25883371	0	0	6336	/admin/layout4/scripts/demo.js
1	5	0	15	0	25949497	25943870	0	25943880	25898947	0	17024	/payroll-print
1	6	0	0	0	25949485	0	0	25943632	0	0	50517	/deductions
1	4	0	0	0	25949473	0	0	25883371	0	0	4326	/plugins/bootstrap-toastr/toastr.min.js
1	1	0	0	0	25898944	0	0	25898944	0	0	113619	/payroll-pdfs?all=true
1	1	0	0	0	25949497	0	0	25949497	0	0	8200	/advances/04-2019
1	1	0	0	0	25922879	0	0	25922879	0	0	24	/robots.txt?209.17.96.194
1	18	0	2	0	25943865	25940816	0	25898943	25940816	0	172630	/contracts
1	5	0	0	0	25949473	0	0	25883371	0	0	3096	/plugins/jquery.cokie.min.js
1	26	0	0	0	25949473	0	0	25883371	0	0	14975	/admin/pages/css/tasks.css
1	5	0	0	0	25949473	0	0	25883371	0	0	33384	/scripts/metronic.js
1	4	0	0	0	25949473	0	0	25883371	0	0	54903	/plugins/select2/select2.min.js
1	0	0	1	0	0	25949474	0	0	25949474	0	0	/policies/1
1	5	0	0	0	25949473	0	0	25883371	0	0	956	/admin/pages/scripts/tasks.js
1	4	0	0	0	25949473	0	0	25883371	0	0	92712	/js/fullcalendar.min.js
1	0	0	3	0	0	25949497	0	0	25949481	0	0	/delete-payroll?date=2019-04-30
1	4	0	0	0	25943610	0	0	25883371	0	0	5712	/admin/pages/scripts/login.js
1	2	0	0	0	25949474	0	0	25949474	0	0	18906	/policies
1	1	0	0	0	25943635	0	0	25943635	0	0	8092	/eft
1	1	0	0	0	25943635	0	0	25943635	0	0	66	/eft-report
1	3	0	0	0	25949526	0	0	25943873	0	0	24093	/print-payslips
1	3	0	0	0	25943629	0	0	25943629	0	0	25802	/grades
1	25	0	0	0	25949526	0	0	25883371	0	0	2768675	/_debugbar/assets/stylesheets?v=1473948356
1	2	0	0	0	25943634	0	0	25898952	0	0	18946	/tax?type=p9
1	4	0	0	0	25948068	0	0	25898945	0	0	38740	/payroll/0?sub=3-2019&main=Branches
1	4	0	0	0	25949473	0	0	25883371	0	0	78669	/plugins/datatables/media/js/jquery.dataTables.min.js
1	24	0	0	0	25949497	0	0	25898943	0	0	212122	/payroll/create
1	68	0	21	0	25949497	25949497	0	25898944	25898944	0	769343	/payroll
1	1	0	0	0	25940822	0	0	25940822	0	0	8221	/assignments/3/edit
1	9	0	9	0	25949508	25949525	0	25883371	25883371	0	52554	/login
1	4	0	0	0	25949473	0	0	25883371	0	0	237296	/plugins/simple-line-icons/fonts/Simple-Line-Icons.woff
1	3	0	0	0	25943628	0	0	25940809	0	0	24187	/payment-structures
1	0	0	4	0	0	25907655	0	0	25889948	0	0	/?209.17.96.66
1	4	0	0	0	25949473	0	0	25883371	0	0	2061	/plugins/bootstrap-hover-dropdown/bootstrap-hover-dropdown.min.js
1	4	0	0	0	25949473	0	0	25883371	0	0	26304	/plugins/bootstrap-datepicker/js/bootstrap-datepicker.min.js
1	3	0	0	0	25940816	0	0	25940815	0	0	34570	/contracts/create
1	4	0	0	0	25949473	0	0	25883371	0	0	10032	/plugins/bootstrap-switch/js/bootstrap-switch.min.js
1	1	0	0	0	25883381	0	0	25883381	0	0	1127	/plugins/datatables/media/images/sort_desc.png
1	1	0	0	0	25898943	0	0	25898943	0	0	4752	/login?209.17.96.66
1	5	0	2	0	25971723	25969990	0	25926116	25951402	0	120	/robots.txt?209.17.96.42
1	5	0	0	0	25948085	0	0	25883371	0	0	27750	/img/syncfusion-icons-white.png
1	0	0	1	0	0	25943629	0	0	25943629	0	0	/grades/1
1	6	0	0	0	25949482	0	0	25883371	0	0	13275	/plugins/bootstrap-toastr/toastr.min.css
1	1	0	0	0	25948045	0	0	25948045	0	0	8859	/employees/24/edit
1	4	0	0	0	25949473	0	0	25883371	0	0	10575	/plugins/jquery.blockui.min.js
1	1	0	1	0	25943639	25943864	0	25943639	25943864	0	8105	/employee-types
1	14	0	0	0	25949473	0	0	25883371	0	0	97994	/plugins/jquery-ui/jquery-ui.min.css
1	8	0	0	0	25949496	0	0	25898946	0	0	254520	/plugins/uniform/images/sprite.png
1	0	0	5	0	0	25958646	0	0	25943610	0	0	/?209.17.96.42
1	6	0	0	0	25948042	0	0	25883372	0	0	71462	/employees/create
1	5	0	0	0	25949497	0	0	25949481	0	0	49230	/payroll/0?sub=4-2019
1	15	0	7	0	25949495	25948044	0	25883372	25883374	0	163056	/employees
1	2	0	0	0	25940808	0	0	25933878	0	0	9341	/login?209.17.96.42
1	4	0	0	0	25949473	0	0	25883371	0	0	9189	/plugins/jquery-migrate.min.js
1	0	0	1	0	0	25910031	0	0	25910031	0	0	/?197.232.60.130
1	2	0	0	0	25949475	0	0	25949473	0	0	16426	/advances/05-2019
1	4	0	0	0	25949473	0	0	25883371	0	0	6108	/plugins/jquery-slimscroll/jquery.slimscroll.min.js
1	2	0	0	0	25943635	0	0	25943634	0	0	141902	/tax/p9
1	0	0	2	0	0	25943868	0	0	25898945	0	0	/finalize-payroll?date=2019-03-31
1	4	0	0	0	25949473	0	0	25883371	0	0	4722	/js/scripts.js
1	5	0	0	0	25949473	0	0	25883371	0	0	44516	/plugins/moment.min.js
1	1	0	0	0	25949473	0	0	25949473	0	0	71508	/plugins/font-awesome/fonts/fontawesome-webfont.woff?v=4.3.0
1	1	0	0	0	25943637	0	0	25943637	0	0	9933	/contracts/3/edit
1	54	0	0	0	25949497	0	0	25883371	0	0	62858	/plugins/bootstrap-modal/css/bootstrap-modal.css
1	0	0	0	1	0	0	25940822	0	0	25940822	0	/assignments/3
1	4	0	0	0	25949473	0	0	25883371	0	0	29235	/plugins/bootstrap/js/bootstrap.min.js
1	1	0	0	0	25949483	0	0	25949483	0	0	8194	/payroll/91
1	1	0	0	0	25949482	0	0	25949482	0	0	8185	/payroll/90
1	0	0	1	0	0	25949497	0	0	25949497	0	0	/advances/2
1	0	0	1	0	0	25949475	0	0	25949475	0	0	/advances/1
1	4	0	0	0	25949473	0	0	25883371	0	0	9105	/plugins/uniform/jquery.uniform.min.js
1	14	0	0	0	25949497	0	0	25883372	0	0	14534	/plugins/datatables/media/images/sort_asc.png
1	5	0	0	0	25949473	0	0	25883371	0	0	34548	/css/plugins.css
1	4	0	0	0	25949473	0	0	25883371	0	0	227120	/plugins/font-awesome/fonts/fontawesome-webfont.woff2?v=4.3.0
1	2	0	0	0	25943628	0	0	25940808	0	0	16259	/payment-methods
1	5	0	0	0	25949473	0	0	25883371	0	0	52080	/plugins/jquery.sparkline.min.js
1	13	0	0	15	25949497	0	25943870	25898946	0	25898947	135807	/payroll-generate
1	1	0	0	0	25943629	0	0	25943629	0	0	11825	/grades/1/edit
1	3	0	0	0	25940808	0	0	25883371	0	0	20415	/plugins/jquery-validation/js/jquery.validate.min.js
1	0	0	4	0	0	25885070	0	0	25874125	0	0	/?51.15.191.81
1	0	0	1	0	0	25948069	0	0	25948069	0	0	/payroll/66
1	0	0	1	0	0	25948071	0	0	25948071	0	0	/payroll/65
1	30	0	0	0	25949490	0	0	25883371	0	0	576607	/plugins/bootstrap/css/bootstrap.min.css
1	0	0	1	0	0	25948071	0	0	25948071	0	0	/payroll/64
1	1	0	0	0	25949483	0	0	25949483	0	0	31238	/payroll-pdf/91
1	0	0	1	0	0	25948071	0	0	25948071	0	0	/payroll/63
1	59	0	0	0	25949495	0	0	25883371	0	0	315694	/plugins/font-awesome/css/font-awesome.min.css
1	1	0	0	0	25949482	0	0	25949482	0	0	31919	/payroll-pdf/90
1	0	0	1	0	0	25948071	0	0	25948071	0	0	/payroll/62
1	0	0	1	0	0	25948070	0	0	25948070	0	0	/payroll/61
1	0	0	2	0	0	25926883	0	0	25915461	0	0	/?209.17.96.194
1	4	0	0	0	25948068	0	0	25898944	0	0	38429	/payroll/0?main=Branches
1	5	0	0	0	25948028	0	0	25883371	0	0	10290	/plugins/respond.min.js
1	0	0	1	0	0	25948070	0	0	25948070	0	0	/payroll/60
1	0	0	1	0	0	25948070	0	0	25948070	0	0	/payroll/59
1	0	0	1	0	0	25948070	0	0	25948070	0	0	/payroll/58
1	37	0	0	0	25949526	0	0	25883371	0	0	0	/favicon.ico
1	1	0	3	0	25934897	25961162	0	25934897	25926913	0	24	/robots.txt
1	0	0	1	0	0	25948070	0	0	25948070	0	0	/payroll/57
1	0	0	1	0	0	25948070	0	0	25948070	0	0	/payroll/56
1	12	0	2	3	25949497	25949475	25949470	25943873	25949473	25948065	103404	/advances
1	0	0	1	0	0	25948070	0	0	25948070	0	0	/payroll/55
1	4	0	0	0	25949473	0	0	25883371	0	0	448652	/_debugbar/assets/javascript?v=1473948119
1	0	0	1	0	0	25948070	0	0	25948070	0	0	/payroll/54
1	4	0	0	0	25949473	0	0	25883371	0	0	191013	/plugins/jquery-ui/jquery-ui.min.js
1	11	0	0	0	25949493	0	0	25883371	0	0	32220	/plugins/select2/select2.css
1	0	0	1	0	0	25948070	0	0	25948070	0	0	/payroll/53
1	8	0	0	0	25949493	0	0	25883371	0	0	17157	/admin/layout4/css/themes/default.css
1	0	0	1	0	0	25948070	0	0	25948070	0	0	/payroll/52
1	0	0	1	0	0	25948070	0	0	25948070	0	0	/payroll/51
1	0	0	1	0	0	25948070	0	0	25948070	0	0	/payroll/50
1	0	0	1	0	0	25948069	0	0	25948069	0	0	/payroll/49
1	0	0	1	0	0	25948069	0	0	25948069	0	0	/payroll/48
1	0	0	1	0	0	25948069	0	0	25948069	0	0	/payroll/47
1	16	0	0	0	25949497	0	0	25898946	0	0	133279	/payroll-report
1	0	0	1	0	0	25948069	0	0	25948069	0	0	/payroll/46
1	0	0	1	0	0	25948069	0	0	25948069	0	0	/payroll/45
1	0	0	2	0	0	25949508	0	0	25948085	0	0	/logout
1	7	0	0	0	25949474	0	0	25883371	0	0	13218	/plugins/uniform/css/uniform.default.css
1	6	0	0	0	25949474	0	0	25948065	0	0	52237	/advances/create
1	1	0	0	0	25898944	0	0	25898944	0	0	7963	/payroll/0?all=true
1	4	0	0	0	25949473	0	0	25883371	0	0	9204	/plugins/datatables/plugins/bootstrap/dataTables.bootstrap.js
1	4	0	0	0	25949470	0	0	25898952	0	0	2344	/plugins/select2/select2.png
1	1	0	0	0	25940817	0	0	25940817	0	0	8129	/contracts/6
1	1	0	0	0	25949473	0	0	25949473	0	0	35304	/plugins/simple-line-icons/fonts/Simple-Line-Icons.ttf
1	2	0	0	0	25943637	0	0	25940811	0	0	16302	/contracts/3
1	4	0	0	0	25949473	0	0	25883371	0	0	6096	/images/smalllogo.jpg
1	1	0	0	0	25940822	0	0	25940822	0	0	8844	/assignments
1	1	0	0	0	25943639	0	0	25943639	0	0	8190	/employee-types/1/edit
1	6	0	0	0	25949493	0	0	25883371	0	0	915	/admin/layout4/css/custom.css
1	13	13	16	0	25949525	25971723	0	25883371	25858525	0	123240	/
1	4	0	0	0	25949473	0	0	25883371	0	0	4398	/admin/layout4/scripts/quick-sidebar.js
1	7	0	0	0	25949473	0	0	25883371	0	0	52002	/admin/layout4/css/layout.css
1	1	0	0	0	25949474	0	0	25949474	0	0	9243	/policies/1/edit
1	6	0	0	0	25949473	0	0	25883371	0	0	7055	/plugins/bootstrap-switch/css/bootstrap-switch.min.css
1	1	0	0	0	25940812	0	0	25940812	0	0	7934	/hours-worked
1	0	0	2	0	0	25949495	0	0	25948045	0	0	/employees/24
1	16	0	0	0	25949497	0	0	25883371	0	0	3900	/img/portlet-remove-icon-white.png
1	1	0	0	0	25883391	0	0	25883391	0	0	9322	/employees/22
1	1	0	0	0	25883381	0	0	25883381	0	0	9328	/employees/20
1	2	0	0	0	25943634	0	0	25943632	0	0	23190	/deductions/2/edit
1	6	0	0	0	25949473	0	0	25883371	0	0	2935	/css/style.css
1	6	0	0	0	25949473	0	0	25883371	0	0	1260	/plugins/morris/morris.css
1	0	0	1	0	0	25943632	0	0	25943632	0	0	/deductions/4
1	1	0	0	0	25949468	0	0	25949468	0	0	11470	/deductions/3
1	1	0	0	0	25949468	0	0	25949468	0	0	10152	/deductions/2
1	1	0	0	0	25949485	0	0	25949485	0	0	11968	/deductions/1
1	3	0	0	0	25940808	0	0	25883371	0	0	22701	/plugins/excanvas.min.js
1	18	0	0	0	25949482	0	0	25883371	0	0	42296	/plugins/fullcalendar/fullcalendar.min.css
1	4	0	0	0	25949473	0	0	25883371	0	0	10494	/admin/layout4/scripts/layout.js
1	1	0	0	0	25943638	0	0	25943638	0	0	8196	/work-plans
1	2	0	0	0	25948065	0	0	25943635	0	0	3698	/plugins/select2/select2-spinner.gif
1	31	0	0	0	25949526	0	0	25883371	0	0	11850	/plugins/bootstrap-modal/css/bootstrap-modal-bs3patch.css
1	4	0	0	0	25949473	0	0	25883371	0	0	99840	/plugins/jquery.min.js
1	7	0	0	0	25949473	0	0	25883371	0	0	254814	/css/components-rounded.css
1	5	0	0	0	25949508	0	0	25883371	0	0	4500	/admin/pages/css/login3.css
3	41	0	1	0	25949495	25949495	0	25883372	25949495	0	392832	https://oldonyo.cloudwage.com/employees
3	4	0	0	0	25940812	0	0	25940812	0	0	36940	https://oldonyo.cloudwage.com/hours-worked
3	108	9	9	0	25949525	25949525	0	25883371	25883371	0	1438772	https://oldonyo.cloudwage.com/login
3	1	0	0	0	25943638	0	0	25943638	0	0	8196	https://oldonyo.cloudwage.com/contracts/3/edit
3	5	0	0	0	25943634	0	0	25943632	0	0	11929	https://oldonyo.cloudwage.com/deductions/2/edit
3	3	0	0	0	25883391	0	0	25883391	0	0	27487	https://oldonyo.cloudwage.com/employees/22
3	13	0	3	0	25949497	25949497	0	25949481	25949481	0	68928	https://oldonyo.cloudwage.com/payroll/0?sub=4-2019
3	2	0	1	0	25949474	25949474	0	25949474	25949474	0	120851	https://oldonyo.cloudwage.com/policies/1/edit
3	9	0	0	0	25943635	0	0	25898952	0	0	171255	https://oldonyo.cloudwage.com/tax?type=p9
3	4	0	0	0	25883384	0	0	25883381	0	0	35639	https://oldonyo.cloudwage.com/employees/20
3	34	0	0	0	25949497	0	0	25883372	0	0	36109	https://oldonyo.cloudwage.com/plugins/datatables/plugins/bootstrap/dataTables.bootstrap.css
3	14	0	1	0	25949485	25943632	0	25943632	25943632	0	82991	https://oldonyo.cloudwage.com/deductions
3	7	0	0	0	25948068	0	0	25898945	0	0	152040	https://oldonyo.cloudwage.com/payroll/0?main=Branches
3	2	0	2	0	25943864	25943864	0	25943864	25943864	0	11833	https://oldonyo.cloudwage.com/employee-types/1/edit
3	10	0	0	0	25949526	0	0	25943873	0	0	366561	https://oldonyo.cloudwage.com/print-payslips
3	8	0	0	0	25943630	0	0	25943629	0	0	35045	https://oldonyo.cloudwage.com/grades
3	4	0	0	0	25940817	0	0	25940817	0	0	36963	https://oldonyo.cloudwage.com/contracts/6
3	4	0	0	0	25949469	0	0	25949468	0	0	13802	https://oldonyo.cloudwage.com/deductions/3
3	5	0	2	0	25940816	25940816	0	25940816	25940816	0	41087	https://oldonyo.cloudwage.com/contracts/create
3	4	0	0	0	25949468	0	0	25949468	0	0	21352	https://oldonyo.cloudwage.com/deductions/2
3	5	0	0	0	25943637	0	0	25940811	0	0	45354	https://oldonyo.cloudwage.com/contracts/3
3	1	0	1	0	25943629	25943629	0	25943629	25943629	0	9520	https://oldonyo.cloudwage.com/grades/1/edit
3	1	0	0	0	25949490	0	0	25949490	0	0	10259	https://oldonyo.cloudwage.com/deductions/1
3	62	0	21	0	25949497	25949497	0	25898943	25898944	0	449574	https://oldonyo.cloudwage.com/payroll/create
3	5	0	0	0	25940822	0	0	25940822	0	0	36894	https://oldonyo.cloudwage.com/assignments
3	41	1	17	15	25949508	25949508	25943870	25898946	25898947	25898947	792751	https://oldonyo.cloudwage.com/payroll-generate
3	5	0	0	0	25949473	0	0	25883371	0	0	298628	https://oldonyo.cloudwage.com/plugins/font-awesome/css/font-awesome.min.css
3	8	0	0	0	25949496	0	0	25898946	0	0	254520	https://oldonyo.cloudwage.com/plugins/uniform/css/uniform.default.css
3	2	0	1	0	25949497	25949497	0	25949497	25949497	0	10452	https://oldonyo.cloudwage.com/advances/04-2019
3	5	0	0	0	25949473	0	0	25883371	0	0	272600	https://oldonyo.cloudwage.com/plugins/simple-line-icons/simple-line-icons.min.css
3	20	0	2	3	25949475	25949475	25949470	25948065	25949473	25948065	189020	https://oldonyo.cloudwage.com/advances/create
3	93	0	0	0	25949526	0	0	25883371	0	0	708024	https://oldonyo.cloudwage.com/
3	3	0	0	0	25898944	0	0	25898944	0	0	233981	https://oldonyo.cloudwage.com/payroll/0?all=true
3	12	0	6	0	25948044	25948044	0	25883372	25883374	0	307467	https://oldonyo.cloudwage.com/employees/create
3	77	0	0	0	25949497	0	0	25943873	0	0	365810	https://oldonyo.cloudwage.com/advances
3	2	0	0	0	25943639	0	0	25943639	0	0	8789	https://oldonyo.cloudwage.com/employee-types
3	2	0	0	0	25943639	0	0	25943638	0	0	8704	https://oldonyo.cloudwage.com/work-plans
3	1	0	1	0	25948045	25948045	0	25948045	25948045	0	11229	https://oldonyo.cloudwage.com/employees/24/edit
3	10	0	1	0	25949481	25943868	0	25898945	25943868	0	167809	https://oldonyo.cloudwage.com/payroll/0?sub=3-2019
3	6	0	0	0	25949470	0	0	25898952	0	0	6042	https://oldonyo.cloudwage.com/plugins/select2/select2.css
3	148	1	22	0	25949497	25948071	0	25898944	25948069	0	1237004	https://oldonyo.cloudwage.com/payroll
3	3	0	1	0	25949475	25949475	0	25949474	25949475	0	128761	https://oldonyo.cloudwage.com/advances/05-2019
3	9	0	1	0	25948068	25898945	0	25898945	25898945	0	96491	https://oldonyo.cloudwage.com/payroll/0?sub=3-2019&main=Branches
3	3	0	0	0	25949474	0	0	25949474	0	0	19540	https://oldonyo.cloudwage.com/policies
3	3	0	0	0	25949485	0	0	25949483	0	0	40774	https://oldonyo.cloudwage.com/payroll/91
3	2	0	0	0	25949482	0	0	25949482	0	0	33105	https://oldonyo.cloudwage.com/payroll/90
3	5	0	0	0	25948085	0	0	25883371	0	0	27750	https://oldonyo.cloudwage.com/css/components-rounded.css
3	4	0	0	1	25940822	0	25940822	25940822	0	25940822	32930	https://oldonyo.cloudwage.com/assignments/3/edit
3	58	2	0	0	25943866	0	0	25898943	0	0	663255	https://oldonyo.cloudwage.com/contracts
3	16	0	0	0	25949497	0	0	25883371	0	0	3900	https://oldonyo.cloudwage.com/css/plugins.css
3	3	0	0	0	25943628	0	0	25940809	0	0	16714	https://oldonyo.cloudwage.com/payment-methods
3	6	0	0	0	25943629	0	0	25940809	0	0	30731	https://oldonyo.cloudwage.com/payment-structures
3	2	0	0	0	25943636	0	0	25943635	0	0	9514	https://oldonyo.cloudwage.com/eft
3	46	0	0	0	25949497	0	0	25898946	0	0	315343	https://oldonyo.cloudwage.com/payroll-report
4	0	0	2	0	0	25858532	0	0	25858525	0	0	Mozilla/5.0 (X11; Ubuntu; Linux x86_64; rv:58.0) Gecko/20100101 Firefox/58.0
4	0	0	4	0	0	25954494	0	0	25907655	0	0	Mozilla/5.0 (compatible; NetcraftSurveyAgent/1.0; +info@netcraft.com)
4	710	9	80	14	25949526	25949525	25949470	25940808	25940808	25940818	6314369	Mozilla/5.0 (Windows NT 6.1; Win64; x64; rv:66.0) Gecko/20100101 Firefox/66.0
4	284	4	17	5	25898958	25898957	25898952	25883371	25883371	25898947	3671521	Mozilla/5.0 (Windows NT 6.1; Win64; x64; rv:65.0) Gecko/20100101 Firefox/65.0
4	0	0	9	0	0	25969580	0	0	25874125	0	0	Mozilla/5.0 (compatible; Nimbostratus-Bot/v1.3.2; http://cloudsystemnetworks.com)
4	9	0	18	0	25971723	25971723	0	25922879	25926883	0	9366	Mozilla/5.0 (compatible; AhrefsBot/6.1; +http://ahrefs.com/robot/)
5	0	0	1	0	0	25954494	0	0	25954494	0	0	142.93.190.250
5	0	0	1	0	0	25934445	0	0	25934445	0	0	54.36.148.244
5	1	0	0	0	25933306	0	0	25933306	0	0	24	54.36.150.45
5	0	0	1	0	0	25896603	0	0	25896603	0	0	209.17.96.250
5	0	0	1	0	0	25889948	0	0	25889948	0	0	209.17.96.34
5	0	0	1	0	0	25971723	0	0	25971723	0	0	54.36.148.243
5	1	0	0	0	25934897	0	0	25934897	0	0	24	54.36.150.125
5	0	0	1	0	0	25946028	0	0	25946028	0	0	54.36.148.72
5	1	0	0	0	25926116	0	0	25926116	0	0	24	54.36.148.241
5	0	0	1	0	0	25958646	0	0	25958646	0	0	54.36.149.33
5	1	0	0	0	25946295	0	0	25946295	0	0	4595	54.36.149.30
5	0	0	1	0	0	25951402	0	0	25951402	0	0	54.36.149.24
5	0	0	1	0	0	25926883	0	0	25926883	0	0	54.36.148.51
5	0	0	1	0	0	25934445	0	0	25934445	0	0	54.36.149.103
5	0	0	1	0	0	25904930	0	0	25904930	0	0	209.17.96.226
5	0	0	1	0	0	25926913	0	0	25926913	0	0	54.36.150.22
5	0	0	1	0	0	25933306	0	0	25933306	0	0	54.36.148.140
5	0	0	1	0	0	25934897	0	0	25934897	0	0	54.36.150.21
5	0	0	1	0	0	25878270	0	0	25878270	0	0	209.17.96.10
5	0	0	1	0	0	25969990	0	0	25969990	0	0	54.36.149.101
5	1	0	0	0	25950792	0	0	25950792	0	0	24	54.36.148.218
5	0	0	1	0	0	25874125	0	0	25874125	0	0	209.17.97.106
5	0	0	1	0	0	25961162	0	0	25961162	0	0	54.36.148.130
5	0	0	1	0	0	25951402	0	0	25951402	0	0	54.36.148.128
5	1	0	0	0	25922879	0	0	25922879	0	0	24	54.36.150.78
5	0	0	1	0	0	25961162	0	0	25961162	0	0	54.36.148.195
5	0	0	1	0	0	25885070	0	0	25885070	0	0	209.17.96.66
5	0	0	1	0	0	25907655	0	0	25907655	0	0	159.203.168.116
5	1	0	0	0	25946028	0	0	25946028	0	0	24	54.36.148.202
5	1	0	0	0	25971723	0	0	25971723	0	0	24	54.36.148.201
5	0	0	2	0	0	25969990	0	0	25961176	0	0	54.36.148.30
5	994	13	97	19	25949526	25949525	25949470	25883371	25883371	25898947	9985890	197.232.60.130
5	0	0	1	0	0	25910031	0	0	25910031	0	0	209.17.96.194
5	0	0	1	0	0	25950792	0	0	25950792	0	0	54.36.148.188
5	0	0	2	0	0	25858532	0	0	25858525	0	0	51.15.191.81
5	0	0	1	0	0	25954480	0	0	25954480	0	0	142.93.177.240
5	0	0	1	0	0	25907687	0	0	25907687	0	0	159.65.37.236
5	0	0	1	0	0	25969580	0	0	25969580	0	0	209.17.97.18
5	1	0	0	0	25933878	0	0	25933878	0	0	4603	54.36.150.54
5	0	0	1	0	0	25970240	0	0	25970240	0	0	54.36.148.253
5	0	0	1	0	0	25915461	0	0	25915461	0	0	209.17.96.42
z	0	86	0	25949526	0
z	2	8	0	25971723	234
z	3	105	0	25949526	48792
z	4	601	13	25949526	2847673
z	5	171	0	25949497	3534766
z	6	32	0	25949526	3563791
c	200	954	25971723
c	301	14	25970240
c	302	116	25971723
c	304	49	25949473
c	405	15	25943870
c	500	4	25949470
