CACHE type 5 produced by analog 6.0/Unix. Do not modify or delete!
T	0	0	2389	38	191	62	24366278
D	25856022	25969100
17955	164	34	0	492593
17955	165	3	0	232
17955	166	86	1	572183
17955	167	61	1	291837
17955	168	57	1	272640
17955	171	5	0	48969
17955	172	3	0	34346
17955	174	6	0	62787
17955	175	8	0	91767
17955	177	26	1	294228
17955	178	6	0	52411
17955	179	3	0	35451
17955	180	6	1	120655
17955	181	21	0	137442
17955	182	80	1	877129
17956	81	62	1	754704
17956	82	108	1	566442
17956	83	20	0	378150
17956	84	53	0	270339
17956	85	2	0	30825
17956	86	4	0	231672
17956	87	3	1	16033
17956	90	120	1	1006465
17956	93	58	0	268833
17956	103	11	1	260848
17956	104	66	0	1179018
17956	105	7	0	155466
17956	108	54	0	468540
17956	119	6	0	346688
17956	120	7	1	411178
17956	121	1	0	6715
17956	177	67	1	773331
17956	178	2	0	14760
17960	146	56	1	389696
17960	147	5	0	89400
17960	149	3	0	14381
17960	176	1	0	4698
17961	81	33	0	492655
17961	82	38	1	304368
17961	84	6	0	69836
17961	85	18	0	193269
17961	88	1	0	8056
17961	89	7	0	46656
17961	90	1	0	6773
17964	132	68	1	787182
17964	133	11	0	147830
17964	154	1	0	0
17966	178	2	1	15800
17966	179	59	3	746930
17966	180	5	0	63093
17966	197	3	0	10625
17966	210	2	0	2632
17966	211	28	0	458160
17966	213	2	0	4714
17966	218	2	0	8115
17966	220	5	0	64998
17966	221	2	0	10065
17966	222	2	0	13303
17966	223	5	0	74022
17967	75	4	0	43694
17967	76	19	1	178460
17967	77	7	0	70148
17967	78	14	0	138508
17967	79	18	0	157507
17967	80	7	0	67684
17967	81	7	0	83600
17967	82	2	0	40795
17967	84	21	0	224390
17967	85	3	0	12214
17967	95	24	1	363179
17967	106	4	0	44405
17967	107	5	0	41566
17967	108	5	0	28420
17967	114	1	0	8395
17967	118	9	1	73244
17967	119	1	0	8043
17967	122	1	0	2120
17967	124	1	0	2794
17967	153	5	1	26957
17967	156	12	0	234063
17967	157	18	0	233754
17967	161	8	0	67216
17967	162	4	0	29138
17967	163	3	0	26621
17967	164	1	0	0
17967	165	5	0	3024
17967	166	3	0	8220
17967	168	3	0	18725
17967	169	12	0	105699
17967	170	12	0	119880
17967	171	8	0	82554
17968	89	2	0	4722
17969	90	1	0	0
17969	134	69	1	794500
17969	135	13	0	102947
17969	138	7	0	60318
17969	166	10	1	94524
17969	167	3	0	51856
17970	73	1	0	4717
17970	96	1	0	0
17971	122	2	0	4725
17974	93	2	0	4717
17975	96	1	0	0
17976	68	1	0	4711
17976	97	1	0	0
17977	99	1	0	0
17977	202	1	0	0
17977	225	1	0	4711
17978	82	1	0	4721
17978	146	2	0	4710
17980	116	2	0	4717
17981	71	2	0	4717
17983	73	2	0	4725
17983	146	69	1	797190
17983	147	1	0	6787
17984	73	2	0	4719
17985	83	2	0	4709
17985	203	1	0	0
17986	66	1	0	4717
17988	139	2	0	4711
17988	206	1	0	0
17988	247	1	0	15785
17989	95	2	0	4694
17990	90	69	1	796575
17990	196	1	0	0
17991	88	1	0	4699
17991	252	2	0	4724
17992	88	1	0	0
17992	141	46	1	583569
17992	147	1	0	4732
17993	202	2	0	4723
17999	155	1	0	4601
17999	266	1	0	4599
18002	193	34	0	497713
18004	101	2	0	48
18004	174	1	0	24
18007	138	1	0	4723
18009	8	1	0	24
18009	175	1	0	24
18010	104	67	1	780022
18010	143	1	0	5644
18010	146	1	0	24
18011	186	7	1	29817
18011	187	2	0	16606
18011	188	2	1	17936
18011	189	5	0	121988
18011	190	8	0	86739
18012	143	2	0	4693
18013	58	2	0	4697
18014	148	2	0	4724
18016	118	1	0	8303
18016	119	1	0	8303
18016	133	2	0	4720
18017	139	47	2	573508
18017	140	32	0	276381
18017	142	3	0	22280
18017	144	18	0	138962
18017	175	2	0	10982
18018	113	2	0	4705
18019	90	2	0	4729
18019	175	3	0	24909
18020	97	2	0	4716
18020	98	45	2	655172
18020	99	4	0	57283
18020	100	15	0	199469
18020	112	1	0	0
18020	117	4	2	33347
18020	118	7	0	74671
18020	119	1	0	3536
18020	120	4	0	13916
18020	121	2	0	31026
18020	122	3	0	5999
18020	123	6	0	14823
18020	125	2	0	7534
18020	126	1	0	3767
18020	264	1	0	24
18021	62	1	0	15786
18021	104	1	0	24
18021	140	2	0	4574
18021	192	2	0	4723
18022	164	1	0	24
18022	194	1	0	24
18022	226	2	0	4708
18023	95	2	0	4722
18024	178	2	0	4715
18026	233	1	0	24
18027	115	1	0	0
18027	128	1	0	24
18028	27	1	0	24
18028	82	2	0	4718
18028	172	1	0	24
18029	25	2	0	4715
18030	255	2	0	4703
18031	114	2	0	4697
18031	212	1	0	0
18031	223	1	0	15479
18032	109	2	0	16606
18032	115	1	0	0
18032	182	1	0	8303
18033	222	1	0	24
18033	242	1	0	4555
18033	278	1	0	24
18034	28	1	0	24
1	22	0	0	0	25949293	0	0	25856031	0	0	24992	/plugins/datatables/media/images/sort_both.png
1	24	0	0	0	25934922	0	0	25856031	0	0	37726	/css/fullcalendar.min.css
1	11	0	0	0	25936792	0	0	25868825	0	0	118638	/payroll/0?sub=3-2019
1	0	0	1	0	0	25945182	0	0	25945182	0	0	/loans/16
1	24	0	0	0	25934922	0	0	25856031	0	0	17316	/plugins/datatables/plugins/bootstrap/dataTables.bootstrap.css
1	0	0	1	0	0	25945182	0	0	25945182	0	0	/loans/15
1	25	0	0	0	25934922	0	0	25856031	0	0	38360	/plugins/bootstrap-datepicker/css/bootstrap-datepicker3.min.css
1	23	0	0	0	25934922	0	0	25856031	0	0	16404	/plugins/bootstrap-daterangepicker/daterangepicker-bs3.css
1	28	0	0	0	25934921	0	0	25856022	0	0	45381	/plugins/simple-line-icons/simple-line-icons.min.css
1	15	0	0	0	25945178	0	0	25856022	0	0	31680	/admin/layout4/scripts/demo.js
1	0	0	1	0	0	25945182	0	0	25945182	0	0	/loans/13
1	0	0	1	0	0	25945182	0	0	25945182	0	0	/loans/12
1	23	0	0	16	25949432	0	25949417	25856102	0	25856097	229271	/payroll-print
1	3	0	0	0	25857093	0	0	25856096	0	0	216	/template
1	4	0	0	0	25856108	0	0	25856107	0	0	4224	/departments/1?type=branch
1	2	0	0	0	25949387	0	0	25949387	0	0	16460	/deductions
1	26	0	0	0	25949293	0	0	25856031	0	0	21630	/plugins/bootstrap-toastr/toastr.min.js
1	10	0	0	0	25945204	0	0	25945180	0	0	85423	/loans/03-2019
1	1	0	0	0	25856025	0	0	25856025	0	0	64	/.well-known/pki-validation/A6474B0BE983F53E27C9E81348890DDA.txt
1	5	0	0	2	25873010	0	25864285	25857163	0	25864262	29976	/kra-imports-generate
1	3	0	0	0	25873263	0	0	25856031	0	0	32246	/contracts
1	28	0	0	0	25949291	0	0	25856022	0	0	13158	/plugins/jquery.cokie.min.js
1	1	0	0	0	25872901	0	0	25872901	0	0	8177	/payroll/297
1	23	0	0	0	25934922	0	0	25856031	0	0	7188	/admin/pages/css/tasks.css
1	1	0	0	0	25873285	0	0	25873285	0	0	11159	/payroll?173.212.247.73
1	28	0	0	0	25949291	0	0	25856022	0	0	141882	/scripts/metronic.js
1	2	0	0	0	25945193	0	0	25936771	0	0	1898	/plugins/select2/select2x2.png
1	28	0	0	0	25949291	0	0	25856022	0	0	311117	/plugins/select2/select2.min.js
1	1	0	0	0	25873262	0	0	25873262	0	0	9935	/contracts/2/edit
1	27	0	0	0	25949293	0	0	25856031	0	0	3824	/admin/pages/scripts/tasks.js
1	0	0	0	1	0	0	25857054	0	0	25857054	0	/finalize-payroll?date=2019-01-31
1	0	0	1	0	0	25864266	0	0	25864266	0	0	/employee-allowances
1	26	0	0	0	25949293	0	0	25856031	0	0	463560	/js/fullcalendar.min.js
1	0	0	1	0	0	25949302	0	0	25949302	0	0	/delete-payroll?date=2019-04-30
1	1	0	0	0	25856107	0	0	25856107	0	0	3477	/_debugbar/open?op=get&id=34597a46785a7f985fb3a3698dbdd484
1	15	0	0	0	25945178	0	0	25856022	0	0	21420	/admin/pages/scripts/login.js
1	1	0	0	0	25864286	0	0	25864286	0	0	8197	/coinage/create
1	2	0	0	0	25945193	0	0	25945193	0	0	21331	/loans/8/edit
1	8	0	0	0	25873287	0	0	25871937	0	0	64654	/eft
1	1	0	0	0	25955454	0	0	25955454	0	0	4715	/login?91.199.212.132
1	15	0	0	12	25873290	0	25872142	25872025	0	25871937	35305	/eft-report
1	1	0	0	0	25872890	0	0	25872890	0	0	32611	/payroll-pdf/241
1	1	0	0	0	25856107	0	0	25856107	0	0	3499	/_debugbar/open?op=get&id=10ce798a2d919f075529dea3cac27870
1	2	0	0	0	25873285	0	0	25872958	0	0	65176	/payroll-pdf/238
1	37	0	0	0	25934921	0	0	25856022	0	0	4097639	/_debugbar/assets/stylesheets?v=1473948356
1	8	0	0	2	25936782	0	25857049	25857053	0	25856080	71067	/tax?type=p9
1	1	0	0	0	25856107	0	0	25856107	0	0	3479	/_debugbar/open?op=get&id=2169eb597545a4131aed504b0b100cc6
1	2	0	0	0	25873262	0	0	25864265	0	0	17689	/employees/2/edit
1	0	0	1	0	0	25873074	0	0	25873074	0	0	/advances/76
1	1	0	0	0	25968632	0	0	25968632	0	0	24	/robots.txt?91.199.212.132
1	1	0	0	0	25965700	0	0	25965700	0	0	0	/favicon.ico?91.199.212.132
1	26	0	0	0	25949293	0	0	25856031	0	0	393345	/plugins/datatables/media/js/jquery.dataTables.min.js
1	16	0	0	1	25949302	0	25856032	25856033	0	25856032	139621	/payroll/create
1	1	0	0	0	25936789	0	0	25936789	0	0	8154	/tax?type=p10b
1	2	0	0	0	25936788	0	0	25873261	0	0	16234	/tax?type=p10a
1	0	0	1	0	0	25873333	0	0	25873333	0	0	/advances/70
1	80	0	12	2	25949391	25949302	25856036	25856033	25856033	25856031	997018	/payroll
1	86	0	38	0	25968733	25949293	0	25856022	25856031	0	516251	/login
1	18	0	0	0	25949293	0	0	25856031	0	0	1067832	/plugins/simple-line-icons/fonts/Simple-Line-Icons.woff
1	1	0	0	0	25856088	0	0	25856088	0	0	9359	/loans/create
1	26	0	0	0	25949293	0	0	25856031	0	0	131520	/plugins/bootstrap-datepicker/js/bootstrap-datepicker.min.js
1	26	0	0	0	25949293	0	0	25856031	0	0	10305	/plugins/bootstrap-hover-dropdown/bootstrap-hover-dropdown.min.js
1	26	0	0	0	25949293	0	0	25856031	0	0	50160	/plugins/bootstrap-switch/js/bootstrap-switch.min.js
1	1	0	0	0	25873019	0	0	25873019	0	0	1127	/plugins/datatables/media/images/sort_desc.png
1	16	0	0	0	25945178	0	0	25856022	0	0	88800	/img/syncfusion-icons-white.png
1	4	0	0	0	25856108	0	0	25856107	0	0	27500	/departments
1	23	0	0	0	25934922	0	0	25856031	0	0	31860	/plugins/bootstrap-toastr/toastr.min.css
1	0	0	2	0	0	25872958	0	0	25857056	0	0	/finalize-payroll?date=2019-02-28
1	28	0	0	0	25949291	0	0	25856022	0	0	59925	/plugins/jquery.blockui.min.js
1	1	0	0	1	25856037	0	25856036	25856037	0	25856036	8036	/employee-types
1	0	0	1	0	0	25876050	0	0	25876050	0	0	/advances/49
1	1	0	0	0	25872890	0	0	25872890	0	0	8184	/payroll/241
1	2	0	0	0	25856114	0	0	25856087	0	0	63547	/payroll-pdf/7
1	0	0	1	0	0	25856035	0	0	25856035	0	0	/users/7
1	2	0	0	0	25873285	0	0	25872958	0	0	16303	/payroll/238
1	0	0	1	0	0	25872881	0	0	25872881	0	0	/advances/47
1	11	0	0	0	25949303	0	0	25856034	0	0	349965	/plugins/uniform/images/sprite.png
1	25	0	0	0	25934922	0	0	25856031	0	0	105532	/plugins/jquery-ui/jquery-ui.min.css
1	1	0	0	0	25864286	0	0	25864286	0	0	2402	/coinage
1	0	0	1	0	0	25872880	0	0	25872880	0	0	/advances/46
1	0	0	1	0	0	25873265	0	0	25873265	0	0	/payroll/237
1	1	0	0	0	25863136	0	0	25863136	0	0	31737	/payroll-pdf/5
1	0	0	1	0	0	25872880	0	0	25872880	0	0	/advances/45
1	0	0	1	0	0	25872879	0	0	25872879	0	0	/advances/44
1	0	0	1	0	0	25872879	0	0	25872879	0	0	/advances/43
1	1	0	0	0	25856078	0	0	25856078	0	0	31046	/payroll-pdf/2
1	2	0	0	0	25948235	0	0	25943634	0	0	16606	/images/kra.jpg?173.212.247.73
1	0	0	1	0	0	25872878	0	0	25872878	0	0	/advances/42
1	1	0	0	0	25857053	0	0	25857053	0	0	8436	/payroll/0?sub=1-2019
1	1	0	0	0	25949293	0	0	25949293	0	0	32683	/payroll-pdf/1106
1	0	0	1	0	0	25872875	0	0	25872875	0	0	/advances/41
1	0	0	1	0	0	25872874	0	0	25872874	0	0	/advances/39
1	0	0	1	0	0	25872868	0	0	25872868	0	0	/advances/40
1	0	0	11	0	0	25945178	0	0	25863133	0	0	/?173.212.247.73
1	2	0	0	0	25887375	0	0	25884484	0	0	0	/favicon.ico?209.17.97.66
1	0	0	1	0	0	25872873	0	0	25872873	0	0	/advances/38
1	0	0	1	0	0	25872873	0	0	25872873	0	0	/advances/37
1	9	0	0	0	25856108	0	0	25856041	0	0	106446	/employees/create
1	8	0	0	0	25949391	0	0	25949293	0	0	90289	/payroll/0?sub=4-2019
1	0	0	1	0	0	25873332	0	0	25873332	0	0	/payroll/227
1	0	0	1	0	0	25872872	0	0	25872872	0	0	/advances/36
1	0	0	1	0	0	25872870	0	0	25872870	0	0	/advances/35
1	0	0	1	0	0	25873331	0	0	25873331	0	0	/payroll/225
1	0	0	1	0	0	25872870	0	0	25872870	0	0	/advances/34
1	35	0	5	0	25949293	25856077	0	25856040	25856055	0	352306	/employees
1	0	0	1	0	0	25872869	0	0	25872869	0	0	/advances/33
1	0	0	1	0	0	25872868	0	0	25872868	0	0	/advances/32
1	0	0	1	0	0	25872864	0	0	25872864	0	0	/advances/31
1	0	0	1	0	0	25872863	0	0	25872863	0	0	/advances/30
1	0	0	1	0	0	25872862	0	0	25872862	0	0	/advances/29
1	21	0	0	0	25876052	0	0	25856086	0	0	229058	/advances/02-2019
1	0	0	1	0	0	25872860	0	0	25872860	0	0	/advances/28
1	28	0	0	0	25949291	0	0	25856022	0	0	52071	/plugins/jquery-migrate.min.js
1	16	0	0	0	25945204	0	0	25945178	0	0	134145	/loans/04-2019
1	0	0	1	0	0	25905382	0	0	25905382	0	0	/?209.17.97.66
1	26	0	0	0	25949293	0	0	25856031	0	0	30540	/plugins/jquery-slimscroll/jquery.slimscroll.min.js
1	0	0	1	0	0	25872878	0	0	25872878	0	0	/advances/21
1	0	0	1	0	0	25872877	0	0	25872877	0	0	/advances/20
1	1	0	0	0	25871943	0	0	25871943	0	0	31899	/payroll-pdf/166
1	6	0	1	4	25936771	25864250	25936783	25857056	25864250	25873249	356678	/tax/p9
1	2	0	0	0	25949293	0	0	25949293	0	0	16254	/payroll/1106
1	0	0	1	0	0	25872873	0	0	25872873	0	0	/advances/15
1	0	0	1	0	0	25936792	0	0	25936792	0	0	/finalize-payroll?date=2019-03-31
1	5	0	0	0	25903419	0	0	25878852	0	0	23587	/login?209.17.97.66
1	0	0	1	0	0	25873332	0	0	25873332	0	0	/payroll/204
1	0	0	1	0	0	25872862	0	0	25872862	0	0	/advances/13
1	0	0	1	0	0	25872861	0	0	25872861	0	0	/advances/12
1	26	0	0	0	25949293	0	0	25856031	0	0	23610	/js/scripts.js
1	26	0	0	0	25949293	0	0	25856031	0	0	166935	/plugins/moment.min.js
1	1	0	0	0	25966991	0	0	25966991	0	0	8303	/images/kra.jpg?197.248.207.206
1	0	0	1	0	0	25945359	0	0	25945359	0	0	/loans/04-2019?173.212.247.73
1	12	0	0	7	25873010	0	25857162	25857162	0	25857157	96326	/kra-imports
1	25	0	0	0	25934921	0	0	25856031	0	0	20162	/plugins/bootstrap-modal/css/bootstrap-modal.css
1	28	0	0	0	25949291	0	0	25856022	0	0	165665	/plugins/bootstrap/js/bootstrap.min.js
1	5	0	4	1	25856110	25856110	25856035	25856034	25856035	25856035	43670	/users
1	1	0	0	0	25872155	0	0	25872155	0	0	33291	/payroll-pdf/141
1	0	0	1	0	0	25873018	0	0	25873018	0	0	/advances/2
1	1	0	0	0	25872144	0	0	25872144	0	0	31866	/payroll-pdf/140
1	0	0	1	0	0	25873265	0	0	25873265	0	0	/advances/1
1	28	0	0	0	25949291	0	0	25856022	0	0	51595	/plugins/uniform/jquery.uniform.min.js
1	2	0	0	0	25872863	0	0	25872863	0	0	16561	/advances/2/edit
1	20	0	0	0	25949293	0	0	25856031	0	0	22360	/plugins/datatables/media/images/sort_asc.png
1	24	0	0	0	25934921	0	0	25856022	0	0	112281	/css/plugins.css
1	18	0	0	0	25949291	0	0	25856022	0	0	1022040	/plugins/font-awesome/fonts/fontawesome-webfont.woff2?v=4.3.0
1	1	0	0	0	25871943	0	0	25871943	0	0	8203	/payroll/166
1	26	0	0	0	25949293	0	0	25856031	0	0	195300	/plugins/jquery.sparkline.min.js
1	17	0	0	3	25949391	0	25949391	25856094	0	25856101	177224	/payroll-generate
1	16	0	0	0	25945178	0	0	25856022	0	0	108880	/plugins/jquery-validation/js/jquery.validate.min.js
1	11	0	0	0	25951204	0	0	25883026	0	0	51883	/login?173.212.247.73
1	0	0	2	0	0	25856108	0	0	25856107	0	0	/departments/2
1	0	0	1	0	0	25856107	0	0	25856107	0	0	/departments/1
1	1	0	0	0	25876195	0	0	25876195	0	0	32607	/payroll-pdf/437
1	1	0	0	0	25857093	0	0	25857093	0	0	3576	/_debugbar/open?op=get&id=697b43e11c3e1138e9f8290165659028
1	24	0	0	0	25934921	0	0	25856022	0	0	318128	/plugins/bootstrap/css/bootstrap.min.css
1	1	0	0	0	25856096	0	0	25856096	0	0	3564	/_debugbar/open?op=get&id=679f8dc8b38bd8c3501ae9a2c84f5acc
1	30	0	0	0	25934921	0	0	25856022	0	0	125189	/plugins/font-awesome/css/font-awesome.min.css
1	1	0	0	0	25873294	0	0	25873294	0	0	11138	/payroll/0?main=Branches
1	15	0	0	0	25945178	0	0	25856022	0	0	30870	/plugins/respond.min.js
1	11	0	4	0	25969100	25969100	0	25926266	25935130	0	264	/robots.txt
1	4	0	1	0	25950121	25926266	0	25926633	25926266	0	96	/robots.txt?173.212.247.73
1	4	0	0	0	25906580	0	0	25887892	0	0	0	/favicon.ico?173.212.247.73
1	93	0	0	0	25966655	0	0	25856022	0	0	0	/favicon.ico
1	1	0	0	0	25856107	0	0	25856107	0	0	3455	/_debugbar/open?op=get&id=75dd9253034d8075d312c290546e2929
1	59	0	7	1	25945202	25873339	25873071	25856086	25856086	25873071	546607	/advances
1	37	0	0	0	25949291	0	0	25856022	0	0	4150031	/_debugbar/assets/javascript?v=1473948119
1	1	0	0	0	25857061	0	0	25857061	0	0	3595	/_debugbar/open?op=get&id=26961610801d36edc28cc6dda7a3a96a
1	25	0	0	0	25934921	0	0	25856022	0	0	45108	/plugins/select2/select2.css
1	26	0	0	0	25949293	0	0	25856031	0	0	955065	/plugins/jquery-ui/jquery-ui.min.js
1	24	0	0	0	25934921	0	0	25856022	0	0	31863	/admin/layout4/css/themes/default.css
1	2	0	0	0	25864265	0	0	25857165	0	0	17765	/allowances
1	1	0	0	0	25876191	0	0	25876191	0	0	32617	/payroll-pdf/421
1	1	0	0	0	25872155	0	0	25872155	0	0	8147	/payroll/141
1	1	0	0	0	25872144	0	0	25872144	0	0	8176	/payroll/140
1	1	0	0	0	25936789	0	0	25936789	0	0	28024	/tax/p10b
1	2	0	0	0	25936788	0	0	25873261	0	0	137924	/tax/p10a
1	0	0	0	3	0	0	25936779	0	0	25936771	0	/home/cloudwage/public_html/images/kra.jpg
1	21	0	0	5	25949391	0	25873312	25856094	0	25873304	164465	/payroll-report
1	0	0	9	0	0	25896257	0	0	25856037	0	0	/logout
1	24	0	0	0	25934921	0	0	25856022	0	0	28639	/plugins/uniform/css/uniform.default.css
1	1	0	0	0	25864266	0	0	25864266	0	0	9393	/employee-allowances/create?allowanceId=1
1	11	0	0	0	25873338	0	0	25856086	0	0	102693	/advances/create
1	28	0	0	0	25936792	0	0	25856079	0	0	293239	/payroll/0?sub=2-2019
1	1	0	0	0	25872876	0	0	25872876	0	0	8287	/advances/20/edit
1	1	0	0	0	25876195	0	0	25876195	0	0	8149	/payroll/437
1	26	0	0	0	25949293	0	0	25856031	0	0	46020	/plugins/datatables/plugins/bootstrap/dataTables.bootstrap.js
1	1	0	0	0	25868825	0	0	25868825	0	0	8147	/payroll/30
1	1	0	0	0	25856108	0	0	25856108	0	0	3453	/_debugbar/open?op=get&id=d91c1b8adba1e07341f402af1ae41f4a
1	36	0	0	0	25945202	0	0	25863134	0	0	356521	/advances/03-2019
1	2	0	0	0	25868826	0	0	25864267	0	0	16287	/payroll/24
1	1	0	0	0	25863136	0	0	25863136	0	0	8102	/payroll/23
1	5	0	0	0	25872877	0	0	25856086	0	0	2930	/plugins/select2/select2.png
1	1	0	0	0	25873074	0	0	25873074	0	0	8280	/loans/02-2019
1	12	0	0	0	25949293	0	0	25857529	0	0	11580	/admin/layout4/img/sidebar-toggle-light.png
1	1	0	0	0	25873266	0	0	25873266	0	0	32590	/payroll-pdf/380
1	0	0	1	0	0	25857056	0	0	25857056	0	0	/payroll/9
1	0	0	1	0	0	25857056	0	0	25857056	0	0	/payroll/8
1	0	0	1	0	0	25873263	0	0	25873263	0	0	/contracts/2
1	8	0	0	0	25966626	0	0	25936779	0	0	66424	/images/kra.jpg
1	1	0	0	0	25876191	0	0	25876191	0	0	8134	/payroll/421
1	3	0	0	0	25856114	0	0	25856087	0	0	24230	/payroll/7
1	1	0	0	0	25863136	0	0	25863136	0	0	8107	/payroll/5
1	28	0	0	0	25949293	0	0	25856031	0	0	33528	/images/smalllogo.jpg
1	0	0	1	0	0	25857056	0	0	25857056	0	0	/payroll/11
1	2	0	2	0	25856087	25864266	0	25856078	25856087	0	16152	/payroll/2
1	1	0	0	0	25856055	0	0	25856055	0	0	7920	/assignments
1	0	0	1	0	0	25857056	0	0	25857056	0	0	/payroll/10
1	0	0	1	0	0	25864266	0	0	25864266	0	0	/payroll/1
1	2	0	0	0	25864266	0	0	25864266	0	0	21217	/allowances/1
1	1	0	0	0	25868825	0	0	25868825	0	0	31882	/payroll-pdf/30
1	24	0	0	0	25934921	0	0	25856022	0	0	2379	/admin/layout4/css/custom.css
1	38	38	32	0	25949387	25969100	0	25856031	25856022	0	359598	/
1	1	0	0	0	25872959	0	0	25872959	0	0	31898	/payroll-pdf/357
1	2	0	0	0	25958608	0	0	25952653	0	0	48	/robots.txt?197.248.207.206
1	26	0	0	0	25949293	0	0	25856031	0	0	21990	/admin/layout4/scripts/quick-sidebar.js
1	2	0	0	0	25868826	0	0	25864267	0	0	67993	/payroll-pdf/24
1	1	0	0	0	25863136	0	0	25863136	0	0	31741	/payroll-pdf/23
1	24	0	0	0	25934921	0	0	25856022	0	0	112671	/admin/layout4/css/layout.css
1	24	0	0	0	25934921	0	0	25856022	0	0	18343	/plugins/bootstrap-switch/css/bootstrap-switch.min.css
1	1	0	0	0	25872155	0	0	25872155	0	0	9516	/employees/26
1	20	0	0	0	25945178	0	0	25856031	0	0	5200	/img/portlet-remove-icon-white.png
1	0	0	5	0	0	25876035	0	0	25857053	0	0	/delete-payroll?date=2019-02-28
1	0	0	1	0	0	25856110	0	0	25856110	0	0	/users/15
1	1	0	0	0	25873266	0	0	25873266	0	0	8144	/payroll/380
1	2	0	0	0	25856025	0	0	25856025	0	0	168	/.well-known/pki-validation/1C99870E185466089C38B249E93CDF20.txt
1	2	0	0	0	25872901	0	0	25872900	0	0	18840	/employees/18
1	24	0	0	0	25934921	0	0	25856022	0	0	7631	/css/style.css
1	23	0	0	0	25934922	0	0	25856031	0	0	3024	/plugins/morris/morris.css
1	1	0	0	0	25873011	0	0	25873011	0	0	9440	/employees/13
1	3	0	0	0	25873263	0	0	25872900	0	0	28412	/employees/2
1	0	0	1	1	0	25857055	25856040	0	25857055	25856040	0	/employees/1
1	14	0	0	0	25945178	0	0	25856022	0	0	105938	/plugins/excanvas.min.js
1	2	0	0	0	25949302	0	0	25949302	0	0	24440	/payroll/0?main=Branches&sub=4-2019
1	23	0	0	0	25934922	0	0	25856031	0	0	29856	/plugins/fullcalendar/fullcalendar.min.css
1	28	0	0	0	25949291	0	0	25856022	0	0	59466	/admin/layout4/scripts/layout.js
1	1	0	0	0	25872959	0	0	25872959	0	0	8175	/payroll/357
1	22	0	0	0	25945204	0	0	25856088	0	0	183137	/loans
1	4	0	0	0	25856110	0	0	25856034	0	0	40804	/users/create
1	3	0	0	0	25856111	0	0	25856110	0	0	31570	/users/15/edit
1	6	0	0	0	25873249	0	0	25856086	0	0	11094	/plugins/select2/select2-spinner.gif
1	25	0	0	0	25934921	0	0	25856031	0	0	6320	/plugins/bootstrap-modal/css/bootstrap-modal-bs3patch.css
1	0	0	1	0	0	25857528	0	0	25857528	0	0	/?91.199.212.132
1	27	0	0	0	25949291	0	0	25856022	0	0	532480	/plugins/jquery.min.js
1	24	0	0	0	25934921	0	0	25856022	0	0	552097	/css/components-rounded.css
1	1	0	0	0	25872901	0	0	25872901	0	0	33283	/payroll-pdf/297
1	0	0	2	0	0	25872958	0	0	25868826	0	0	/delete-payroll?date=2019-03-31
1	17	0	0	0	25945178	0	0	25856022	0	0	15300	/admin/pages/css/login3.css
3	18	0	0	0	25949293	0	0	25856031	0	0	1067832	http://ssdhillon.cloudwage.com/plugins/simple-line-icons/simple-line-icons.min.css
3	5	0	4	0	25945182	25945182	0	25945182	25945182	0	49848	http://ssdhillon.cloudwage.com/loans/04-2019
3	4	0	0	0	25872131	0	0	25871943	0	0	56199	http://ssdhillon.cloudwage.com/payroll/166
3	1	0	0	0	25856090	0	0	25856090	0	0	8685	http://ssdhillon.cloudwage.com/loans/create
3	16	0	1	0	25945359	25945359	0	25856088	25945359	0	133941	http://ssdhillon.cloudwage.com/loans
3	33	0	0	1	25949391	0	25856101	25856094	0	25856101	534598	http://ssdhillon.cloudwage.com/payroll-report
3	2	0	1	0	25856111	25856110	0	25856110	25856110	0	21692	http://ssdhillon.cloudwage.com/users/15/edit
3	2	0	0	0	25864287	0	0	25864286	0	0	10477	http://ssdhillon.cloudwage.com/coinage/create
3	2	0	0	0	25864266	0	0	25864266	0	0	18688	http://ssdhillon.cloudwage.com/allowances/1
3	2	0	0	0	25872902	0	0	25872901	0	0	41685	http://ssdhillon.cloudwage.com/payroll/297
3	1	0	1	0	25949302	25949302	0	25949302	25949302	0	16394	http://ssdhillon.cloudwage.com/payroll/0?main=Branches&sub=4-2019
3	13	0	0	0	25945193	0	0	25856086	0	0	15922	http://ssdhillon.cloudwage.com/plugins/select2/select2.css
3	190	1	1	14	25949432	25857073	25949391	25856096	25857073	25856097	1055425	http://ssdhillon.cloudwage.com/payroll-generate
3	5	0	2	1	25856110	25856035	25856036	25856034	25856035	25856036	46814	http://ssdhillon.cloudwage.com/users
3	5	0	0	0	25856114	0	0	25856087	0	0	80690	http://ssdhillon.cloudwage.com/payroll/7
3	1	0	0	0	25872155	0	0	25872155	0	0	33291	http://ssdhillon.cloudwage.com/payroll/141
3	2	0	1	0	25863148	25863148	0	25863136	25863148	0	38514	http://ssdhillon.cloudwage.com/payroll/5
3	2	0	0	0	25872147	0	0	25872144	0	0	39952	http://ssdhillon.cloudwage.com/payroll/140
3	2	0	0	0	25856087	0	0	25856078	0	0	39663	http://ssdhillon.cloudwage.com/payroll/2
3	43	0	0	0	25949293	0	0	25856031	0	0	48479	http://ssdhillon.cloudwage.com/plugins/datatables/plugins/bootstrap/dataTables.bootstrap.css
3	1	0	0	0	25872155	0	0	25872155	0	0	11565	http://ssdhillon.cloudwage.com/employees/26
3	1	0	0	1	25857055	0	25857054	25857055	0	25857054	8323	http://ssdhillon.cloudwage.com/payroll/0?sub=1-2019
3	44	0	0	12	25873294	0	25872142	25871943	0	25871937	419962	http://ssdhillon.cloudwage.com/eft
3	64	0	12	0	25949302	25949302	0	25856033	25856033	0	465006	http://ssdhillon.cloudwage.com/payroll/create
3	4	0	0	0	25949391	0	0	25949293	0	0	36814	http://ssdhillon.cloudwage.com/payroll/0?sub=4-2019
3	8	0	0	0	25949417	0	0	25857072	0	0	222910	http://ssdhillon.cloudwage.com/payroll-print
3	62	1	0	0	25945202	0	0	25856086	0	0	619638	http://ssdhillon.cloudwage.com/advances
3	2	0	0	0	25872901	0	0	25872901	0	0	19930	http://ssdhillon.cloudwage.com/employees/18
3	16	0	0	0	25945178	0	0	25856022	0	0	88800	http://ssdhillon.cloudwage.com/css/components-rounded.css
3	1	0	0	0	25876195	0	0	25876195	0	0	32607	http://ssdhillon.cloudwage.com/payroll/437
3	5	0	0	0	25945204	0	0	25945181	0	0	27003	http://ssdhillon.cloudwage.com/loans/03-2019
3	1	0	1	0	25873263	25873263	0	25873263	25873263	0	12854	http://ssdhillon.cloudwage.com/contracts/2/edit
3	1	0	0	0	25873018	0	0	25873018	0	0	8392	http://ssdhillon.cloudwage.com/employees/13
3	111	1	1	4	25936788	25864250	25936783	25857053	25864250	25873249	920508	http://ssdhillon.cloudwage.com/tax?type=p9
3	18	0	0	0	25949291	0	0	25856022	0	0	1022040	http://ssdhillon.cloudwage.com/plugins/font-awesome/css/font-awesome.min.css
3	1	0	1	0	25864266	25864266	0	25864266	25864266	0	11419	http://ssdhillon.cloudwage.com/employee-allowances/create?allowanceId=1
3	0	0	1	0	0	25919890	0	0	25919890	0	0	http://www.ssdhillon.cloudwage.com/
3	1	0	0	0	25872876	0	0	25872876	0	0	9874	http://ssdhillon.cloudwage.com/advances/20/edit
3	82	0	1	1	25949293	25857055	25856040	25856041	25857055	25856040	539734	http://ssdhillon.cloudwage.com/employees
3	1	0	0	0	25949391	0	0	25949391	0	0	14098	http://ssdhillon.cloudwage.com/deductions
3	2	0	0	0	25949299	0	0	25949293	0	0	49410	http://ssdhillon.cloudwage.com/payroll/1106
3	50	0	0	0	25856037	0	0	25856037	0	0	232730	http://ssdhillon.cloudwage.com/employee-types
3	2	0	0	0	25876195	0	0	25876191	0	0	43717	http://ssdhillon.cloudwage.com/payroll/421
3	3	0	3	0	25856110	25856110	0	25856035	25856035	0	31221	http://ssdhillon.cloudwage.com/users/create
3	1	0	0	0	25856056	0	0	25856056	0	0	8057	http://ssdhillon.cloudwage.com/assignments
3	2	0	0	0	25872864	0	0	25872863	0	0	20559	http://ssdhillon.cloudwage.com/advances/2/edit
3	20	0	0	0	25945178	0	0	25856031	0	0	5200	http://ssdhillon.cloudwage.com/css/plugins.css
3	2	0	0	0	25873262	0	0	25864265	0	0	20671	http://ssdhillon.cloudwage.com/employees/2/edit
3	35	0	26	0	25945202	25873074	0	25863134	25872860	0	336921	http://ssdhillon.cloudwage.com/advances/03-2019
3	2	0	0	0	25856107	0	0	25856107	0	0	4354	http://ssdhillon.cloudwage.com/departments
3	2	0	0	0	25864266	0	0	25857168	0	0	17796	http://ssdhillon.cloudwage.com/allowances
3	2	0	0	0	25872900	0	0	25872890	0	0	41027	http://ssdhillon.cloudwage.com/payroll/241
3	4	0	0	0	25873287	0	0	25872958	0	0	81647	http://ssdhillon.cloudwage.com/payroll/238
3	8	0	3	0	25936792	25936792	0	25868825	25868826	0	93805	http://ssdhillon.cloudwage.com/payroll/0?sub=3-2019
3	1	0	0	0	25873295	0	0	25873295	0	0	8085	http://ssdhillon.cloudwage.com/payroll/0?main=Branches
3	1	0	0	0	25873075	0	0	25873075	0	0	8043	http://ssdhillon.cloudwage.com/loans/02-2019
3	2	0	0	0	25936791	0	0	25936789	0	0	41931	http://ssdhillon.cloudwage.com/tax?type=p10b
3	2	0	0	0	25873267	0	0	25873266	0	0	43732	http://ssdhillon.cloudwage.com/payroll/380
3	1	0	0	2	25873261	0	25936778	25873261	0	25936771	0	http://ssdhillon.cloudwage.com/tax/p9
3	4	0	0	0	25936789	0	0	25873261	0	0	157299	http://ssdhillon.cloudwage.com/tax?type=p10a
3	457	28	38	0	25949293	25949293	0	25856022	25856031	0	6470365	http://ssdhillon.cloudwage.com/login
3	415	0	0	9	25949387	0	25857162	25856031	0	25856035	3609781	http://ssdhillon.cloudwage.com/
3	3	0	0	0	25873288	0	0	25871940	0	0	0	http://ssdhillon.cloudwage.com/eft-report
3	2	0	0	0	25868825	0	0	25868825	0	0	42957	http://ssdhillon.cloudwage.com/payroll/30
3	1	0	0	0	25873264	0	0	25873264	0	0	11213	http://ssdhillon.cloudwage.com/employees/2
3	11	0	0	0	25949303	0	0	25856034	0	0	349965	http://ssdhillon.cloudwage.com/plugins/uniform/css/uniform.default.css
3	11	0	7	1	25873339	25873339	25873071	25856086	25856086	25873071	86025	http://ssdhillon.cloudwage.com/advances/create
3	3	0	0	0	25868826	0	0	25864267	0	0	76069	http://ssdhillon.cloudwage.com/payroll/24
3	1	0	0	0	25863136	0	0	25863136	0	0	31741	http://ssdhillon.cloudwage.com/payroll/23
3	8	0	5	0	25856109	25856077	0	25856055	25856055	0	77995	http://ssdhillon.cloudwage.com/employees/create
3	12	0	3	0	25856108	25856108	0	25856107	25856107	0	53050	http://ssdhillon.cloudwage.com/departments/1?type=branch
3	12	0	0	0	25949293	0	0	25857529	0	0	11580	http://ssdhillon.cloudwage.com/admin/layout4/css/themes/default.css
3	1	0	0	0	25872959	0	0	25872959	0	0	31898	http://ssdhillon.cloudwage.com/payroll/357
3	24	0	5	0	25876051	25876050	0	25856087	25872902	0	196512	http://ssdhillon.cloudwage.com/advances/02-2019
3	125	0	4	2	25873011	25864292	25864285	25857159	25857180	25864262	1892372	http://ssdhillon.cloudwage.com/kra-imports
3	3	0	0	2	25873263	0	25856032	25856033	0	25856031	28116	http://ssdhillon.cloudwage.com/contracts
3	1	0	0	0	25945202	0	0	25945202	0	0	8592	http://ssdhillon.cloudwage.com/loans/8/edit
3	134	0	10	1	25949391	25873332	25856036	25856034	25856037	25856036	1012289	http://ssdhillon.cloudwage.com/payroll
3	30	0	10	1	25936792	25896257	25856080	25856087	25856087	25856080	287972	http://ssdhillon.cloudwage.com/payroll/0?sub=2-2019
4	185	3	7	0	25909187	25909187	0	25896253	25896253	0	2184121	Mozilla/5.0 (Windows NT 10.0; Win64; x64) AppleWebKit/537.36 (KHTML, like Gecko) Chrome/73.0.3683.86 Safari/537.36
4	430	4	13	6	25857108	25857107	25857072	25857048	25857048	25857049	3523463	Mozilla/5.0 (Windows NT 10.0; Win64; x64; rv:65.0) Gecko/20100101 Firefox/65.0
4	85	0	0	0	25966655	0	0	25868826	0	0	179156	Mozilla/5.0 (X11; Linux x86_64) AppleWebKit/537.36 (KHTML, like Gecko) Chrome/49.0.2623.75 Safari/537.36 Google Favicon
4	642	12	83	22	25876195	25876190	25873320	25864249	25864249	25864262	7164094	Mozilla/5.0 (Windows NT 10.0; Win64; x64) AppleWebKit/537.36 (KHTML, like Gecko) Chrome/72.0.3626.121 Safari/537.36
4	2	0	2	0	25930773	25930773	0	25863282	25863282	0	9421	Mozilla/5.0 (X11; Ubuntu; Linux x86_64) AppleWebKit/537.36 (KHTML, like Gecko) Chrome/60.0.3112.101 Safari/537.36
4	2	0	3	0	25950551	25950551	0	25903959	25903959	0	31571	Mozilla/5.0 (compatible; NetcraftSurveyAgent/1.0; +info@netcraft.com)
4	3	0	0	0	25856025	0	0	25856025	0	0	232	COMODO DCV
4	287	9	18	16	25949432	25949302	25949417	25934921	25934921	25936771	3173105	Mozilla/5.0 (Windows NT 10.0; Win64; x64) AppleWebKit/537.36 (KHTML, like Gecko) Chrome/73.0.3683.103 Safari/537.36
4	2	0	3	0	25919890	25919890	0	25919338	25919338	0	9200	Mozilla/4.0 (compatible; MSIE 7.0; Windows NT 6.1; WOW64; Trident/6.0;)
4	20	0	13	0	25969100	25969100	0	25926266	25926266	0	9537	Mozilla/5.0 (compatible; AhrefsBot/6.1; +http://ahrefs.com/robot/)
4	69	1	4	0	25857530	25857530	0	25857528	25857528	0	788091	Mozilla/5.0 (Windows NT 6.3; Win64; x64) AppleWebKit/537.36 (KHTML, like Gecko) Chrome/72.0.3626.119 Safari/537.36
4	1	0	0	0	25936785	0	0	25936785	0	0	8303	Mozilla/5.0 (Windows NT 6.1; Win64; x64; rv:66.0) Gecko/20100101 Firefox/66.0
4	0	0	3	0	0	25905382	0	0	25875609	0	0	Mozilla/5.0 (compatible; Nimbostratus-Bot/v1.3.2; http://cloudsystemnetworks.com)
4	0	0	2	0	0	25857211	0	0	25857185	0	0	Mozilla/5.0 (X11; Ubuntu; Linux x86_64; rv:58.0) Gecko/20100101 Firefox/58.0
4	34	0	1	0	25923845	25923845	0	25923845	25923845	0	497713	Mozilla/5.0 (Windows NT 10.0; Win64; x64; rv:66.0) Gecko/20100101 Firefox/66.0
4	544	8	36	18	25863148	25863148	25857162	25856022	25856022	25856031	5882394	Mozilla/5.0 (X11; Fedora; Linux x86_64; rv:62.0) Gecko/20100101 Firefox/62.0
4	74	1	2	0	25856114	25856114	0	25856114	25856114	0	823974	Mozilla/5.0 (Windows NT 6.1; Win64; x64; rv:65.0) Gecko/20100101 Firefox/65.0
4	1	0	1	0	25965756	25965756	0	25965756	25965756	0	15479	Mozilla/5.0 (Windows NT 6.1; WOW64) AppleWebKit/537.36 (KHTML, like Gecko) Chrome/34.0.1847.131 Safari/537.36
5	1	0	0	0	25926633	0	0	25926633	0	0	24	54.36.150.131
5	1	0	0	0	25968910	0	0	25968910	0	0	24	54.36.148.166
5	1	0	1	0	25926266	25926266	0	25926266	25926266	0	24	54.36.148.73
5	1	0	1	0	25903959	25903959	0	25903959	25903959	0	15785	104.248.9.119
5	1	0	1	0	25935130	25935130	0	25935130	25935130	0	24	54.36.149.40
5	9	0	0	0	25966991	0	0	25856025	0	0	66488	213.136.80.121
5	1	0	0	0	25933836	0	0	25933836	0	0	24	54.36.150.188
5	0	0	1	0	0	25899526	0	0	25899526	0	0	209.17.97.122
5	0	0	1	0	0	25875609	0	0	25875609	0	0	209.17.97.66
5	1	0	0	0	25926266	0	0	25926266	0	0	24	54.36.148.150
5	1	0	2	0	25950551	25950551	0	25950551	25950551	0	15786	159.203.87.125
5	0	0	1	0	0	25857211	0	0	25857211	0	0	62.4.14.198
5	1	0	1	0	25959524	25959524	0	25959524	25959524	0	24	54.36.148.228
5	0	0	1	0	0	25969100	0	0	25969100	0	0	54.36.148.56
5	1	0	1	0	25863282	25863282	0	25863282	25863282	0	4698	52.196.179.217
5	1	0	0	0	25961184	0	0	25961184	0	0	24	54.36.149.98
5	1	0	1	0	25952653	25950760	0	25952653	25950760	0	24	54.36.149.96
5	2	0	3	0	25919890	25919890	0	25919338	25919338	0	9200	88.198.39.184
5	1	0	0	0	25958608	0	0	25958608	0	0	24	54.36.149.100
5	0	0	1	0	0	25935130	0	0	25935130	0	0	54.36.148.136
5	0	0	1	0	0	25905382	0	0	25905382	0	0	209.17.97.50
5	1	0	0	0	25950942	0	0	25950942	0	0	4550	54.36.149.88
5	0	0	1	0	0	25960455	0	0	25960455	0	0	54.36.148.215
5	69	1	4	0	25857530	25857530	0	25857528	25857528	0	788091	173.212.247.73
5	0	0	1	0	0	25933003	0	0	25933003	0	0	54.36.150.85
5	1	0	1	0	25965756	25965756	0	25965756	25965756	0	15479	144.168.162.250
5	1	0	0	0	25960455	0	0	25960455	0	0	24	54.36.149.8
5	1	0	0	0	25952501	0	0	25952501	0	0	24	54.36.148.36
5	23	0	0	0	25953595	0	0	25868826	0	0	56587	66.249.93.9
5	115	4	2	12	25872155	25871933	25872142	25871933	25871933	25871937	1467743	41.215.89.190
5	1	0	0	0	25966655	0	0	25966655	0	0	0	66.249.93.16
5	1	0	1	0	25950760	25950760	0	25950760	25950760	0	24	54.36.148.34
5	238	3	10	6	25856041	25856040	25856040	25856022	25856022	25856031	1629253	105.57.54.136
5	28	0	0	0	25965213	0	0	25868934	0	0	51796	66.249.93.13
5	1	0	0	0	25933003	0	0	25933003	0	0	24	54.36.148.31
5	0	0	1	0	0	25959524	0	0	25959524	0	0	54.36.148.29
5	312	8	35	27	25949432	25936792	25949417	25856055	25856055	25856080	3178385	197.232.60.130
5	33	0	0	0	25965700	0	0	25868826	0	0	70773	66.249.93.11
5	2	0	1	0	25969100	25969100	0	25968733	25969100	0	4579	54.36.149.70
5	1	0	0	0	25950942	0	0	25950942	0	0	24	54.36.149.68
5	1	0	0	0	25968632	0	0	25968632	0	0	24	54.36.148.113
5	1	0	1	0	25930773	25930773	0	25930773	25930773	0	4723	54.235.24.79
5	0	0	1	0	0	25857185	0	0	25857185	0	0	51.15.191.81
5	1	0	0	0	25950121	0	0	25950121	0	0	24	54.36.148.107
5	0	0	1	0	0	25952501	0	0	25952501	0	0	54.36.148.87
5	0	0	1	0	0	25968632	0	0	25968632	0	0	54.36.148.84
5	2	0	0	0	25856025	0	0	25856025	0	0	168	91.199.212.132
5	1532	22	113	17	25949303	25949302	25949303	25857048	25857048	25857049	16981786	197.248.207.206
z	0	596	0	25966655	0
z	2	24	0	25969100	880
z	3	173	0	25949293	92898
z	4	1128	38	25968733	6213181
z	5	394	0	25965756	9811649
z	6	74	0	25949291	8247670
c	200	1892	25969100
c	301	12	25969100
c	302	179	25968632
c	304	497	25945178
c	403	3	25856036
c	404	3	25936779
c	405	9	25949417
c	500	46	25949391
c	503	1	25856101
