CACHE type 5 produced by analog 6.0/Unix. Do not modify or delete!
T	0	0	1111	20	107	3	11747252
D	25857172	25969990
17956	106	3	0	230
17956	111	34	0	491704
17956	121	48	1	427112
17960	182	1	0	4714
17961	81	33	0	492683
17961	90	34	1	280037
17964	133	66	2	773008
17964	175	2	0	4726
17967	152	67	1	767482
17967	153	2	0	7201
17967	154	10	1	40553
17967	173	63	1	427544
17970	175	63	1	755803
17970	177	2	0	7203
17971	83	33	0	492634
17971	84	31	1	269976
17971	144	121	3	1491952
17971	145	6	0	18927
17971	165	13	1	70748
17971	166	21	0	88138
17971	167	8	0	57068
17971	168	12	0	61685
17971	169	31	0	219699
17971	170	6	0	25434
17971	172	7	0	52115
17971	173	4	0	46203
17971	174	4	0	46611
17971	175	4	0	46828
17971	176	7	0	80687
17971	177	4	0	44461
17976	169	71	1	810753
17985	104	65	2	772663
17989	51	1	0	15702
18001	287	1	0	24
18004	71	1	0	24
18004	230	2	0	48
18007	91	1	0	24
18008	26	1	0	4700
18009	49	2	0	4577
18010	9	1	0	24
18012	193	1	0	24
18013	6	1	0	24
18016	112	73	2	821714
18016	116	11	0	128099
18016	117	55	0	628769
18016	124	24	0	284944
18016	167	50	2	662797
18016	168	1	0	3234
18020	73	2	0	4559
18021	232	1	0	24
18025	18	1	0	5647
18028	168	1	0	24
18028	202	1	0	24
18030	188	1	0	5616
18034	137	1	0	24
18034	206	1	0	24
1	12	0	0	0	25943603	0	0	25857245	0	0	13632	/plugins/datatables/media/images/sort_both.png
1	1	0	0	0	25873250	0	0	25873250	0	0	3428	/_debugbar/open?op=get&id=e2efc1aa8c6b0b4ac4137656823f7683
1	11	0	0	0	25943603	0	0	25857245	0	0	29020	/css/fullcalendar.min.css
1	11	0	0	0	25943877	0	0	25943604	0	0	105401	/payroll/0?sub=3-2019
1	11	0	0	0	25943603	0	0	25857245	0	0	13320	/plugins/datatables/plugins/bootstrap/dataTables.bootstrap.css
1	14	0	0	0	25943603	0	0	25857245	0	0	35620	/plugins/bootstrap-datepicker/css/bootstrap-datepicker3.min.css
1	11	0	0	0	25943603	0	0	25857245	0	0	13670	/plugins/bootstrap-daterangepicker/daterangepicker-bs3.css
1	20	0	0	0	25943603	0	0	25857197	0	0	43220	/plugins/simple-line-icons/simple-line-icons.min.css
1	13	0	0	0	25943877	0	0	25857197	0	0	27456	/admin/layout4/scripts/demo.js
1	3	0	0	0	25943880	0	0	25943664	0	0	9702	/payroll-print
1	1	0	0	0	25857172	0	0	25857172	0	0	64	/.well-known/pki-validation/4FEA6CE19E36A3ECBD0D208F66177AC5.txt
1	5	0	0	0	25943625	0	0	25886287	0	0	41252	/deductions
1	13	0	0	0	25943877	0	0	25857245	0	0	17304	/plugins/bootstrap-toastr/toastr.min.js
1	1	0	0	0	25879073	0	0	25879073	0	0	3462	/_debugbar/open?op=get&id=9982207d59c65bc4e1cb254c1c999960
1	2	0	0	0	25879088	0	0	25879088	0	0	16994	/contracts
1	1	0	0	0	25868826	0	0	25868826	0	0	3475	/_debugbar/open?op=get&id=a85cda9fba06402c85c7cf0c49793dba
1	13	0	0	0	25943877	0	0	25857197	0	0	9288	/plugins/jquery.cokie.min.js
1	11	0	0	0	25943603	0	0	25857245	0	0	5990	/admin/pages/css/tasks.css
1	13	0	0	0	25943877	0	0	25857197	0	0	100152	/scripts/metronic.js
1	13	0	0	0	25943877	0	0	25857197	0	0	219612	/plugins/select2/select2.min.js
1	12	0	0	0	25943877	0	0	25857245	0	0	2629	/admin/pages/scripts/tasks.js
1	12	0	0	0	25943877	0	0	25857245	0	0	339944	/js/fullcalendar.min.js
1	13	0	0	0	25943877	0	0	25857197	0	0	18564	/admin/pages/scripts/login.js
1	2	0	0	0	25873346	0	0	25873346	0	0	16005	/eft
1	13	0	0	0	25943603	0	0	25857197	0	0	1439711	/_debugbar/assets/stylesheets?v=1473948356
1	12	0	0	0	25943877	0	0	25857245	0	0	288453	/plugins/datatables/media/js/jquery.dataTables.min.js
1	2	0	0	0	25943662	0	0	25943662	0	0	17446	/payroll/create
1	1	0	0	0	25879072	0	0	25879072	0	0	3534	/_debugbar/open?op=get&id=3446726ff468909575820f0ffdeb7c65
1	15	0	1	0	25943877	25943663	0	25857246	25943663	0	142733	/payroll
1	12	0	0	0	25943877	0	0	25857245	0	0	711888	/plugins/simple-line-icons/fonts/Simple-Line-Icons.woff
1	34	0	19	0	25964140	25943877	0	25857197	25857245	0	205938	/login
1	12	0	0	0	25943877	0	0	25857245	0	0	96448	/plugins/bootstrap-datepicker/js/bootstrap-datepicker.min.js
1	13	0	0	0	25943877	0	0	25857245	0	0	8244	/plugins/bootstrap-hover-dropdown/bootstrap-hover-dropdown.min.js
1	12	0	0	0	25943877	0	0	25857245	0	0	36784	/plugins/bootstrap-switch/js/bootstrap-switch.min.js
1	0	0	1	0	0	25879073	0	0	25879073	0	0	/departments?type=department
1	3	0	0	0	25879073	0	0	25879072	0	0	11189	/departments
1	13	0	0	0	25943877	0	0	25857197	0	0	72150	/img/syncfusion-icons-white.png
1	6	0	1	0	25969990	25938248	0	25933208	25938248	0	144	/robots.txt?54.36.149.51
1	11	0	0	0	25943603	0	0	25857245	0	0	26550	/plugins/bootstrap-toastr/toastr.min.css
1	13	0	0	0	25943877	0	0	25857197	0	0	42300	/plugins/jquery.blockui.min.js
1	1	0	0	0	25879073	0	0	25879073	0	0	3504	/_debugbar/open?op=get&id=05121cf42d9992c171c3fe109f7cb00a
1	2	0	0	0	25943877	0	0	25943663	0	0	63630	/plugins/uniform/images/sprite.png
1	13	0	0	0	25943603	0	0	25857245	0	0	90456	/plugins/jquery-ui/jquery-ui.min.css
1	0	0	1	0	0	25943627	0	0	25943627	0	0	/employee-deductions/8
1	1	0	0	0	25943628	0	0	25943628	0	0	31907	/payroll-pdf/4
1	0	0	1	0	0	25943625	0	0	25943625	0	0	/employee-deductions/5
1	1	0	0	0	25943662	0	0	25943662	0	0	31895	/payroll-pdf/1
1	0	0	1	0	0	25943625	0	0	25943625	0	0	/employee-deductions/2
1	0	0	4	0	0	25968854	0	0	25931653	0	0	/?54.36.149.51
1	21	0	0	0	25879126	0	0	25879070	0	0	251715	/employees/create
1	36	0	19	0	25886287	25879126	0	25857245	25879075	0	360779	/employees
1	13	0	0	0	25943877	0	0	25857197	0	0	36756	/plugins/jquery-migrate.min.js
1	1	0	0	0	25879073	0	0	25879073	0	0	850	/departments/create?type=department
1	5	0	2	0	25877685	25873250	0	25857246	25868829	0	18680	/profile
1	12	0	0	0	25943877	0	0	25857245	0	0	22396	/plugins/jquery-slimscroll/jquery.slimscroll.min.js
1	12	0	0	0	25943877	0	0	25857245	0	0	17314	/js/scripts.js
1	12	0	0	0	25943877	0	0	25857245	0	0	122419	/plugins/moment.min.js
1	1	0	0	0	25869035	0	0	25869035	0	0	4726	/login?197.248.207.206
1	1	0	0	0	25879088	0	0	25879088	0	0	9870	/contracts/3/edit
1	15	0	0	0	25943603	0	0	25857245	0	0	17790	/plugins/bootstrap-modal/css/bootstrap-modal.css
1	13	0	0	0	25943877	0	0	25857197	0	0	116940	/plugins/bootstrap/js/bootstrap.min.js
1	13	0	0	0	25943877	0	0	25857197	0	0	36420	/plugins/uniform/jquery.uniform.min.js
1	10	0	0	0	25943603	0	0	25857245	0	0	11180	/plugins/datatables/media/images/sort_asc.png
1	0	0	1	0	0	25863310	0	0	25863310	0	0	/?197.248.207.206
1	13	0	0	0	25943603	0	0	25857197	0	0	103644	/css/plugins.css
1	1	0	0	0	25879073	0	0	25879073	0	0	713	/departments/1/edit?type=branch
1	13	0	0	0	25943877	0	0	25857197	0	0	738140	/plugins/font-awesome/fonts/fontawesome-webfont.woff2?v=4.3.0
1	1	0	0	0	25857246	0	0	25857246	0	0	3466	/_debugbar/open?op=get&id=33bff670718af81ea1bb8f1856f6e16b
1	12	0	0	0	25943877	0	0	25857245	0	0	143220	/plugins/jquery.sparkline.min.js
1	1	0	0	0	25873245	0	0	25873245	0	0	3472	/_debugbar/open?op=get&id=a277ca4917bd960e84157d0577dbd7e3
1	3	0	0	3	25943879	0	25943879	25943663	0	25943663	31536	/payroll-generate
1	1	0	0	0	25879087	0	0	25879087	0	0	8793	/employees/3/edit
1	0	0	1	0	0	25868826	0	0	25868826	0	0	/?51.15.191.81
1	13	0	0	0	25943877	0	0	25857197	0	0	88465	/plugins/jquery-validation/js/jquery.validate.min.js
1	16	0	0	0	25943603	0	0	25857197	0	0	318128	/plugins/bootstrap/css/bootstrap.min.css
1	2	0	0	0	25857172	0	0	25857172	0	0	166	/.well-known/pki-validation/94EACE27CF2C24F84DE599F50E37C9F9.txt
1	33	0	0	0	25943603	0	0	25857197	0	0	179619	/plugins/font-awesome/css/font-awesome.min.css
1	13	0	0	0	25943877	0	0	25857197	0	0	26754	/plugins/respond.min.js
1	30	0	0	0	25943603	0	0	25857197	0	0	0	/favicon.ico
1	6	0	2	0	25969649	25969649	0	25926913	25961332	0	144	/robots.txt
1	1	0	0	0	25857246	0	0	25857246	0	0	7888	/advances
1	13	0	0	0	25943877	0	0	25857197	0	0	1458119	/_debugbar/assets/javascript?v=1473948119
1	13	0	0	0	25943877	0	0	25857245	0	0	764052	/plugins/jquery-ui/jquery-ui.min.js
1	13	0	0	0	25943603	0	0	25857197	0	0	38664	/plugins/select2/select2.css
1	13	0	0	0	25943603	0	0	25857197	0	0	29412	/admin/layout4/css/themes/default.css
1	1	0	0	0	25886287	0	0	25886287	0	0	8919	/allowances
1	7	0	0	0	25943879	0	0	25873347	0	0	56223	/payroll-report
1	14	0	0	0	25943603	0	0	25857197	0	0	28639	/plugins/uniform/css/uniform.default.css
1	0	0	5	0	0	25898924	0	0	25864294	0	0	/logout
1	12	0	0	0	25943877	0	0	25857245	0	0	33748	/plugins/datatables/plugins/bootstrap/dataTables.bootstrap.js
1	2	0	0	0	25943663	0	0	25943663	0	0	16249	/payroll/23
1	1	0	0	0	25879073	0	0	25879073	0	0	586	/plugins/select2/select2.png
1	9	0	0	0	25943877	0	0	25864292	0	0	8685	/admin/layout4/img/sidebar-toggle-light.png
1	2	0	0	0	25943620	0	0	25943620	0	0	16275	/payroll/22
1	2	0	0	0	25879088	0	0	25879088	0	0	16201	/contracts/3
1	2	0	0	0	25943628	0	0	25943628	0	0	16211	/payroll/4
1	13	0	0	0	25943877	0	0	25857245	0	0	19812	/images/smalllogo.jpg
1	0	0	1	0	0	25943627	0	0	25943627	0	0	/employee-deductions/68
1	1	0	0	0	25873346	0	0	25873346	0	0	7866	/loans?66.249.93.43
1	2	0	0	0	25943662	0	0	25943662	0	0	16213	/payroll/1
1	0	0	1	0	0	25943626	0	0	25943626	0	0	/employee-deductions/65
1	0	0	1	0	0	25943627	0	0	25943627	0	0	/employee-deductions/62
1	0	0	1	0	0	25943626	0	0	25943626	0	0	/employee-deductions/59
1	12	0	0	0	25943603	0	0	25857197	0	0	2013	/admin/layout4/css/custom.css
1	0	0	1	0	0	25943626	0	0	25943626	0	0	/employee-deductions/56
1	20	20	13	0	25943877	25969649	0	25857245	25858532	0	195383	/
1	12	0	0	0	25943877	0	0	25857245	0	0	16126	/admin/layout4/scripts/quick-sidebar.js
1	1	0	0	0	25943663	0	0	25943663	0	0	31227	/payroll-pdf/23
1	12	0	0	0	25943603	0	0	25857197	0	0	95337	/admin/layout4/css/layout.css
1	0	0	1	0	0	25943626	0	0	25943626	0	0	/employee-deductions/53
1	1	0	0	0	25943620	0	0	25943620	0	0	31912	/payroll-pdf/22
1	14	0	0	0	25943603	0	0	25857197	0	0	18343	/plugins/bootstrap-switch/css/bootstrap-switch.min.css
1	0	0	1	0	0	25943626	0	0	25943626	0	0	/employee-deductions/47
1	13	0	0	0	25943603	0	0	25857245	0	0	3380	/img/portlet-remove-icon-white.png
1	0	0	1	0	0	25943626	0	0	25943626	0	0	/employee-deductions/44
1	3	0	1	0	25930539	25926913	0	25922879	25926913	0	72	/robots.txt?66.249.93.43
1	2	0	0	0	25943622	0	0	25943622	0	0	18787	/employees/20
1	0	0	1	0	0	25943626	0	0	25943626	0	0	/employee-deductions/41
1	0	0	1	0	0	25879124	0	0	25879124	0	0	/employees/17
1	0	0	1	0	0	25943626	0	0	25943626	0	0	/employee-deductions/38
1	12	0	0	0	25943603	0	0	25857197	0	0	6457	/css/style.css
1	0	0	1	0	0	25857245	0	0	25857245	0	0	/employees/6
1	0	0	1	0	0	25857246	0	0	25857246	0	0	/employees/5
1	11	0	0	0	25943603	0	0	25857245	0	0	2520	/plugins/morris/morris.css
1	0	0	1	0	0	25857246	0	0	25857246	0	0	/employees/4
1	0	0	1	0	0	25943625	0	0	25943625	0	0	/employee-deductions/35
1	0	0	1	0	0	25857246	0	0	25857246	0	0	/employees/3
1	0	0	1	0	0	25857246	0	0	25857246	0	0	/employees/2
1	2	0	0	0	25943621	0	0	25943621	0	0	21876	/deductions/3
1	49	0	0	0	25943627	0	0	25886287	0	0	559748	/deductions/2
1	0	0	1	0	0	25943625	0	0	25943625	0	0	/employee-deductions/32
1	1	0	0	0	25879073	0	0	25879073	0	0	3523	/_debugbar/open?op=get&id=5130f0f5cf01aa455834546f40c622a9
1	0	0	1	0	0	25943625	0	0	25943625	0	0	/employee-deductions/29
1	0	0	7	0	0	25914881	0	0	25873244	0	0	/?66.249.93.43
1	13	0	0	0	25943877	0	0	25857197	0	0	98371	/plugins/excanvas.min.js
1	0	0	1	0	0	25943627	0	0	25943627	0	0	/employee-deductions/26
1	1	0	0	0	25879124	0	0	25879124	0	0	8800	/employees/16/edit
1	11	0	0	0	25943603	0	0	25857245	0	0	24880	/plugins/fullcalendar/fullcalendar.min.css
1	0	0	1	0	0	25943626	0	0	25943626	0	0	/employee-deductions/23
1	13	0	0	0	25943877	0	0	25857197	0	0	41976	/admin/layout4/scripts/layout.js
1	0	0	1	0	0	25943627	0	0	25943627	0	0	/employee-deductions/20
1	1	0	0	0	25879066	0	0	25879066	0	0	5258	/login?66.249.93.43
1	0	0	1	0	0	25943625	0	0	25943625	0	0	/employee-deductions/17
1	14	0	0	0	25943603	0	0	25857245	0	0	5135	/plugins/bootstrap-modal/css/bootstrap-modal-bs3patch.css
1	0	0	1	0	0	25943626	0	0	25943626	0	0	/employee-deductions/14
1	0	0	1	0	0	25858525	0	0	25858525	0	0	/?91.199.212.132
1	0	0	1	0	0	25943627	0	0	25943627	0	0	/employee-deductions/11
1	13	0	0	0	25943877	0	0	25857197	0	0	399360	/plugins/jquery.min.js
1	1	0	0	0	25877685	0	0	25877685	0	0	3475	/_debugbar/open?op=get&id=0730420d284b396fe7c922e84dd583ca
1	13	0	0	0	25943603	0	0	25857197	0	0	509628	/css/components-rounded.css
1	0	0	1	0	0	25943662	0	0	25943662	0	0	/delete-payroll?date=2019-03-31
1	13	0	0	0	25943603	0	0	25857197	0	0	11700	/admin/pages/css/login3.css
3	1	0	0	0	25879073	0	0	25879073	0	0	586	http://oldonyo.cloudwage.com/plugins/select2/select2.css
3	3	0	0	0	25943625	0	0	25886287	0	0	33060	http://oldonyo.cloudwage.com/deductions
3	377	15	19	0	25943877	25943877	0	25857197	25857245	0	5151901	http://oldonyo.cloudwage.com/login
3	2	0	0	0	25943662	0	0	25943628	0	0	41556	http://oldonyo.cloudwage.com/payroll/4
3	1	0	0	0	25943662	0	0	25943662	0	0	31895	http://oldonyo.cloudwage.com/payroll/1
3	22	0	0	0	25943603	0	0	25857245	0	0	24812	http://oldonyo.cloudwage.com/plugins/datatables/plugins/bootstrap/dataTables.bootstrap.css
3	2	0	0	0	25943877	0	0	25943663	0	0	63630	http://oldonyo.cloudwage.com/plugins/uniform/css/uniform.default.css
3	13	2	2	0	25877685	25873250	0	25857246	25868829	0	63951	http://oldonyo.cloudwage.com/profile
3	2	0	0	0	25879088	0	0	25879088	0	0	13779	http://oldonyo.cloudwage.com/contracts/3/edit
3	51	1	0	0	25873346	0	0	25873346	0	0	372235	http://oldonyo.cloudwage.com/eft
3	1	0	0	0	25886287	0	0	25886287	0	0	8260	http://oldonyo.cloudwage.com/allowances
3	4	0	0	0	25943879	0	0	25873347	0	0	39684	http://oldonyo.cloudwage.com/payroll-report
3	3	0	1	0	25879073	25879073	0	25879073	25879073	0	13850	http://oldonyo.cloudwage.com/departments/create?type=department
3	6	0	1	0	25943877	25943662	0	25943620	25943662	0	50370	http://oldonyo.cloudwage.com/payroll/0?sub=3-2019
3	13	0	0	0	25943877	0	0	25857197	0	0	738140	http://oldonyo.cloudwage.com/plugins/font-awesome/css/font-awesome.min.css
3	3	0	0	0	25879088	0	0	25879088	0	0	26071	http://oldonyo.cloudwage.com/contracts
3	4	0	0	0	25943880	0	0	25943664	0	0	17800	http://oldonyo.cloudwage.com/payroll-generate
3	7	0	0	0	25943877	0	0	25873347	0	0	62421	http://oldonyo.cloudwage.com/payroll
3	55	0	8	0	25886287	25879124	0	25857245	25857245	0	509110	http://oldonyo.cloudwage.com/employees
3	3	0	0	0	25879088	0	0	25879088	0	0	59597	http://oldonyo.cloudwage.com/contracts/3
3	1	0	0	0	25879087	0	0	25879087	0	0	8352	http://oldonyo.cloudwage.com/employees/3/edit
3	302	0	3	0	25943877	25898924	0	25857245	25878660	0	2254156	http://oldonyo.cloudwage.com/
3	12	0	0	0	25943877	0	0	25857245	0	0	711888	http://oldonyo.cloudwage.com/plugins/simple-line-icons/simple-line-icons.min.css
3	13	0	0	0	25943603	0	0	25857245	0	0	3380	http://oldonyo.cloudwage.com/css/plugins.css
3	2	0	0	0	25943663	0	0	25943663	0	0	39323	http://oldonyo.cloudwage.com/payroll/23
3	5	0	0	0	25879073	0	0	25879072	0	0	16627	http://oldonyo.cloudwage.com/departments
3	1	0	1	0	25943663	25943663	0	25943663	25943663	0	15300	http://oldonyo.cloudwage.com/payroll/create
3	28	0	19	0	25879126	25879126	0	25879070	25879075	0	258575	http://oldonyo.cloudwage.com/employees/create
3	1	0	0	0	25879125	0	0	25879125	0	0	8928	http://oldonyo.cloudwage.com/employees/16/edit
3	2	0	0	0	25943621	0	0	25943620	0	0	40211	http://oldonyo.cloudwage.com/payroll/22
3	1	0	0	0	25857246	0	0	25857246	0	0	8138	http://oldonyo.cloudwage.com/advances
3	1	0	0	0	25943624	0	0	25943624	0	0	11458	http://oldonyo.cloudwage.com/employees/20
3	13	0	0	0	25943877	0	0	25857197	0	0	72150	http://oldonyo.cloudwage.com/css/components-rounded.css
3	9	0	0	0	25943877	0	0	25864292	0	0	8685	http://oldonyo.cloudwage.com/admin/layout4/css/themes/default.css
3	2	0	0	0	25873346	0	0	25873346	0	0	16005	http://oldonyo.cloudwage.com/loans
3	1	0	0	0	25943622	0	0	25943622	0	0	9460	http://oldonyo.cloudwage.com/deductions/3
3	25	0	22	0	25943627	25943627	0	25886287	25943625	0	294259	http://oldonyo.cloudwage.com/deductions/2
3	2	0	0	0	25879073	0	0	25879073	0	0	4175	http://oldonyo.cloudwage.com/departments/1/edit?type=branch
4	65	2	4	0	25898924	25898924	0	25898922	25898922	0	772663	Mozilla/5.0 (Windows NT 10.0; Win64; x64) AppleWebKit/537.36 (KHTML, like Gecko) Chrome/73.0.3683.86 Safari/537.36
4	0	0	3	0	0	25968854	0	0	25908244	0	0	Mozilla/5.0 (compatible; Nimbostratus-Bot/v1.3.2; http://cloudsystemnetworks.com)
4	2	0	0	0	25869035	0	0	25869035	0	0	4726	Mozilla/5.0 (X11; Linux x86_64) AppleWebKit/537.36 (KHTML, like Gecko) Chrome/49.0.2623.75 Safari/537.36 Google Favicon
4	2	0	3	0	25964140	25964140	0	25956092	25956092	0	11263	Mozilla/5.0 (Windows NT 6.1; Win64; x64) AppleWebKit/537.36 (KHTML, like Gecko) Chrome/63.0.3239.132 Safari/537.36
4	0	0	2	0	0	25858532	0	0	25858525	0	0	Mozilla/5.0 (X11; Ubuntu; Linux x86_64; rv:58.0) Gecko/20100101 Firefox/58.0
4	428	7	16	0	25886287	25886287	0	25864249	25864249	0	5130219	Mozilla/5.0 (Windows NT 10.0; Win64; x64) AppleWebKit/537.36 (KHTML, like Gecko) Chrome/72.0.3626.121 Safari/537.36
4	1	0	1	0	25904416	25904416	0	25904416	25904416	0	15702	Mozilla/5.0 (compatible; NetcraftSurveyAgent/1.0; +info@netcraft.com)
4	3	0	0	0	25857172	0	0	25857172	0	0	230	COMODO DCV
4	2	0	2	0	25931653	25931653	0	25863310	25863310	0	9414	Mozilla/5.0 (X11; Ubuntu; Linux x86_64) AppleWebKit/537.36 (KHTML, like Gecko) Chrome/60.0.3112.101 Safari/537.36
4	214	4	29	3	25943880	25943877	25943879	25943603	25943603	25943663	2529557	Mozilla/5.0 (Windows NT 10.0; Win64; x64) AppleWebKit/537.36 (KHTML, like Gecko) Chrome/73.0.3683.103 Safari/537.36
4	295	6	32	0	25879126	25879126	0	25873244	25873244	0	2345214	Mozilla/5.0 (Windows NT 6.1; Win64; x64; rv:65.0) Gecko/20100101 Firefox/65.0
4	82	1	6	0	25857246	25857246	0	25857197	25857245	0	918816	Mozilla/5.0 (X11; Fedora; Linux x86_64; rv:62.0) Gecko/20100101 Firefox/62.0
4	17	0	9	0	25969990	25969649	0	25922879	25926913	0	9448	Mozilla/5.0 (compatible; AhrefsBot/6.1; +http://ahrefs.com/robot/)
5	1	0	0	0	25934445	0	0	25934445	0	0	24	54.36.148.244
5	1	0	0	0	25857172	0	0	25857172	0	0	64	213.136.80.121
5	0	0	1	0	0	25961332	0	0	25961332	0	0	54.36.148.156
5	0	0	1	0	0	25968854	0	0	25968854	0	0	209.17.97.122
5	1	0	0	0	25869035	0	0	25869035	0	0	4726	66.249.93.43
5	2	0	3	0	25964140	25964140	0	25956092	25956092	0	11263	193.70.34.209
5	0	0	1	0	0	25914881	0	0	25914881	0	0	209.17.96.234
5	1	0	0	0	25869035	0	0	25869035	0	0	0	66.249.93.39
5	0	0	1	0	0	25969649	0	0	25969649	0	0	54.36.148.225
5	1	0	0	0	25926116	0	0	25926116	0	0	24	54.36.148.222
5	1	0	0	0	25926913	0	0	25926913	0	0	24	54.36.150.22
5	0	0	1	0	0	25858532	0	0	25858532	0	0	212.83.146.233
5	1	0	0	0	25969990	0	0	25969990	0	0	24	54.36.149.101
5	0	0	1	0	0	25930539	0	0	25930539	0	0	54.36.150.18
5	0	0	1	0	0	25908244	0	0	25908244	0	0	209.17.97.2
5	1	0	0	0	25933208	0	0	25933208	0	0	24	54.36.150.163
5	1	0	0	0	25951402	0	0	25951402	0	0	24	54.36.148.128
5	1	0	1	0	25863310	25863310	0	25863310	25863310	0	4714	34.224.15.255
5	0	0	1	0	0	25938248	0	0	25938248	0	0	54.36.148.36
5	1	0	0	0	25930539	0	0	25930539	0	0	24	54.36.150.6
5	1	0	0	0	25961162	0	0	25961162	0	0	24	54.36.148.195
5	0	0	1	0	0	25938752	0	0	25938752	0	0	54.36.148.123
5	295	6	32	0	25879126	25879126	0	25873244	25873244	0	2345214	197.232.60.130
5	1	0	1	0	25938248	25938248	0	25938248	25938248	0	24	54.36.148.188
5	1	0	0	0	25933208	0	0	25933208	0	0	4553	54.36.148.25
5	1	0	0	0	25938752	0	0	25938752	0	0	24	54.36.148.186
5	1	0	1	0	25961332	25961332	0	25961332	25961332	0	24	54.36.148.112
5	1	0	1	0	25904416	25904416	0	25904416	25904416	0	15702	165.227.210.16
5	1	0	1	0	25969649	25969649	0	25969649	25969649	0	24	54.36.148.180
5	0	0	1	0	0	25858525	0	0	25858525	0	0	51.15.191.81
5	1	0	0	0	25949169	0	0	25949169	0	0	24	54.36.148.175
5	1	0	1	0	25931653	25931653	0	25931653	25931653	0	4700	54.193.60.167
5	1	0	0	0	25949169	0	0	25949169	0	0	4535	54.36.148.2
5	789	14	55	3	25943880	25943877	25943879	25857197	25857245	25943663	9351255	197.248.207.206
5	2	0	0	0	25857172	0	0	25857172	0	0	166	91.199.212.132
5	1	0	0	0	25922879	0	0	25922879	0	0	24	54.36.148.0
5	1	0	1	0	25926913	25926913	0	25926913	25926913	0	24	54.36.149.51
z	0	72	0	25943603	0
z	2	18	0	25969990	590
z	3	130	0	25943877	69902
z	4	632	20	25964140	2944940
z	5	233	0	25943879	5833990
z	6	26	0	25943877	2897830
c	200	1069	25969990
c	301	9	25969649
c	302	98	25968854
c	304	42	25873346
c	405	3	25943879
