CACHE type 5 produced by analog 6.0/Unix. Do not modify or delete!
T	0	0	10262	73	949	53	99931604
D	25858707	25971098
17957	125	69	1	800660
17957	126	36	0	162489
17957	127	7	0	33847
17957	128	80	1	343280
17957	129	64	0	334198
17957	130	46	0	184209
17957	131	53	1	234775
17957	132	5	0	55702
17957	134	20	0	207746
17957	135	6	0	34979
17957	136	13	0	61008
17957	137	23	0	116304
17957	138	28	0	139503
17957	145	15	0	83910
17957	146	8	0	34280
17957	147	15	0	71275
17957	148	15	0	68007
17957	149	16	1	79001
17957	150	70	1	333909
17957	151	9	0	50563
17957	152	3	0	25918
17957	153	14	0	78197
17957	154	8	0	34013
17957	155	48	0	253298
17957	156	43	0	247756
17957	157	68	1	327804
17957	158	52	0	474994
17958	116	11	0	61383
17958	117	58	1	362455
17958	118	77	1	946361
17958	119	84	0	551071
17958	120	34	0	191055
17958	121	20	0	197755
17958	122	24	0	109051
17958	123	25	0	115493
17958	124	48	1	213098
17958	125	10	0	44423
17958	126	61	0	297608
17958	127	67	0	347617
17958	128	56	0	275350
17958	129	23	1	102917
17958	130	19	0	67527
17962	102	24	1	116821
17962	107	1	0	14201
17962	109	4	0	38931
17962	165	3	0	125253
17962	166	1	0	8297
17962	168	12	0	81669
17962	170	3	0	25656
17962	172	9	0	56185
17962	174	6	0	40085
17963	146	43	1	191096
17963	147	29	0	156738
17963	148	4	0	27006
17963	151	8	0	32371
17963	152	4	0	27242
17963	153	6	0	28042
17963	154	6	0	28598
17963	155	5	0	16651
17963	156	1	0	12091
17963	158	9	1	50112
17963	159	5	0	27922
17963	160	6	0	28209
17963	161	3	0	26325
17963	162	4	0	26726
17963	165	7	0	30627
17963	167	2	0	14434
17963	168	2	0	8971
17963	169	3	0	12457
17963	171	4	0	27141
17963	173	5	0	27925
17963	176	3	0	26680
17963	177	6	0	29192
17963	179	4	0	16482
17964	121	5	1	91595
17964	123	2	0	25739
17964	124	2	0	25831
17964	125	2	0	25820
17964	127	3	0	26195
17964	128	2	0	25966
17964	129	3	0	34698
17964	130	6	0	31237
17964	131	4	0	26365
17964	134	4	0	32896
17964	141	9	1	53479
17964	142	6	0	181810
17964	143	18	0	269950
17964	144	11	0	54823
17964	145	48	0	506310
17964	146	38	0	227175
17964	147	94	0	737199
17964	148	32	0	240926
17964	149	25	0	242371
17964	150	103	0	961578
17964	151	3	0	13715
17964	152	65	0	696416
17964	153	52	0	437916
17964	154	36	0	372342
17964	155	5	0	130965
17964	156	57	0	645085
17964	157	60	0	863351
17964	158	50	0	685758
17964	159	97	0	1022058
17964	160	96	0	579944
17964	161	8	0	41622
17964	162	6	0	148548
17964	163	3	0	9119
17964	164	56	0	514218
17964	165	46	0	853236
17964	166	40	0	638286
17964	167	36	0	410524
17964	168	25	0	343823
17964	169	17	0	285654
17964	170	73	0	354093
17964	171	58	0	720924
17964	172	77	0	605856
17964	173	68	0	716994
17964	174	9	0	49875
17964	176	15	0	165697
17964	177	5	0	52369
17964	178	4	0	12343
17967	94	21	1	145110
17967	95	42	0	504498
17967	97	5	1	25287
17967	98	101	1	689539
17967	99	39	0	884148
17967	100	64	0	1307003
17967	102	8	0	51639
17967	125	19	3	120133
17967	130	29	3	388440
17967	131	12	0	84913
17967	145	14	1	186541
17967	146	20	0	158478
17967	147	50	0	589486
17967	148	52	0	706600
17967	149	26	0	496328
17967	150	33	0	523068
17967	151	43	0	756959
17967	152	25	0	246284
17967	157	8	0	63181
17967	158	6	0	36541
17967	162	2	0	6299
17967	172	26	0	558591
17967	173	16	0	72232
17967	174	4	0	122498
17967	175	7	0	30942
17969	125	23	1	244438
17969	126	4	0	39648
17969	127	14	0	294417
17969	129	2	0	9032
17969	130	14	1	71836
17969	131	27	0	352685
17969	132	4	0	124172
17969	154	75	2	704066
17969	155	10	0	44708
17969	156	15	1	202919
17969	157	7	0	47652
17969	158	52	0	416872
17969	159	82	0	616543
17969	160	17	0	211638
17969	166	13	1	299584
17969	167	5	0	79033
17969	173	3	0	13248
17970	174	28	1	183993
17970	175	71	0	561639
17970	176	29	0	305524
17971	125	5	0	39128
17971	127	13	1	58069
17971	142	14	0	92106
17971	143	9	0	53397
17971	144	3	0	19063
17974	161	14	0	94985
17974	162	45	1	543965
17976	124	38	1	305876
17976	125	7	0	30415
17976	126	22	0	220267
17976	127	14	0	82899
17976	137	4	0	9999
17978	121	4	0	69124
17978	165	14	1	165791
17978	179	4	0	123080
17981	169	70	1	615111
17981	170	27	0	300948
17981	172	4	0	38772
17981	174	16	0	214639
17985	98	48	2	930092
17985	99	46	0	464675
17985	100	36	1	305406
17985	101	21	0	224852
17985	102	55	1	867930
17985	104	20	1	212672
17985	105	38	0	1060194
17985	106	45	0	494660
17985	107	14	0	202997
17985	108	5	0	43376
17992	178	72	1	439055
17992	179	38	0	173179
17992	180	7	0	80005
17992	181	12	0	53726
17992	182	13	0	62603
17998	113	35	1	284501
17998	118	4	0	34248
17999	174	26	1	230247
17999	175	15	0	95020
17999	176	31	0	568935
17999	177	30	0	415047
17999	178	4	0	34350
18004	174	1	0	24
18005	169	46	1	428328
18005	170	15	0	114072
18005	171	21	0	116056
18005	172	29	0	179816
18005	173	39	0	368109
18005	174	74	0	726394
18005	175	60	1	378258
18005	176	62	0	379275
18005	177	33	0	355723
18005	178	7	1	42290
18005	181	1	0	12549
18009	4	1	0	24
18010	122	55	1	520890
18010	123	38	0	260894
18010	124	43	0	280080
18010	125	23	0	127771
18010	126	44	0	315400
18010	127	36	0	265289
18010	128	68	0	543708
18010	129	53	0	322626
18010	130	113	0	841770
18010	131	117	0	952211
18010	132	59	0	333613
18010	134	10	0	86318
18010	135	41	0	415562
18010	136	9	0	62456
18010	137	21	0	163054
18010	138	67	0	330104
18010	139	83	0	588274
18010	140	22	0	172562
18010	141	4	0	14718
18010	143	4	0	19823
18010	144	2	0	10996
18010	145	7	0	33371
18010	146	24	0	125039
18010	147	6	0	668730
18010	148	56	0	629640
18010	149	107	0	671231
18010	150	55	0	1041648
18010	153	6	0	60760
18011	121	33	1	208756
18011	125	4	0	131118
18011	126	6	0	27011
18011	157	25	1	224169
18011	158	90	1	697449
18011	159	51	0	314943
18011	160	46	0	282561
18011	161	32	0	295335
18011	164	6	0	425265
18011	165	21	0	122552
18011	166	1	0	10577
18011	167	16	0	81036
18011	168	4	0	18710
18011	169	18	0	100313
18011	170	82	0	535033
18011	171	26	0	394199
18011	172	76	0	390312
18011	173	85	0	596664
18011	174	26	0	237277
18011	175	63	0	771052
18011	176	61	0	433049
18011	177	1	0	8562
18011	178	52	0	243515
18011	179	3	0	123284
18011	180	3	0	13695
18011	181	105	0	1897297
18011	182	116	0	1010433
18011	183	11	0	275492
18011	184	6	0	364700
18011	185	55	0	373287
18011	186	54	0	249268
18011	189	66	1	724516
18013	162	5	0	39058
18014	129	5	0	55715
18016	113	38	1	313137
18016	114	1	0	8488
18017	113	94	2	1339456
18017	114	45	0	475477
18017	115	41	0	366111
18017	116	19	0	171686
18017	117	7	0	199146
18017	118	51	0	389733
18017	119	43	2	467842
18017	120	81	0	905721
18017	121	35	0	1530877
18017	122	1	0	8505
18017	123	27	0	562933
18017	124	29	0	562916
18017	126	15	0	298516
18017	135	14	1	94476
18017	136	9	0	56122
18017	137	19	0	126026
18017	138	3	0	31953
18017	139	9	0	67539
18017	144	11	0	73111
18017	166	15	0	85414
18017	167	3	0	27746
18017	168	11	0	53804
18017	169	24	0	132284
18019	105	14	1	79930
18019	106	4	0	52944
18019	127	30	0	305011
18019	128	10	0	82089
18019	129	2	0	26775
18019	130	4	0	27099
18019	131	12	0	68517
18019	132	3	0	17310
18019	133	4	2	26277
18019	145	30	2	197769
18019	146	2	0	18987
18019	149	40	0	393875
18019	150	28	0	297144
18019	151	25	0	147190
18019	152	11	0	75905
18019	170	51	0	601081
18019	171	108	0	1575872
18019	184	12	1	98723
18019	186	22	0	465531
18019	187	6	0	77520
18020	102	12	1	55581
18020	110	13	0	123081
18020	111	21	0	158230
18020	112	24	0	197469
18020	113	14	0	80941
18020	114	2	0	10775
18020	115	80	0	457403
18020	126	1	0	3767
18020	129	6	0	1690317
18020	130	273	0	3318101
18020	132	8	0	173434
18020	137	8	1	47756
18020	138	10	0	115403
18020	141	6	0	39475
18020	142	27	0	286240
18020	143	22	0	377377
18020	144	22	0	112654
18020	145	37	0	531045
18020	146	74	0	980025
18020	147	37	0	255961
18020	148	18	0	177341
18020	149	9	0	113355
18020	151	35	0	224235
18020	152	26	0	225531
18020	153	66	0	586148
18020	210	2	0	4615
18021	139	4	1	23290
18021	140	18	0	82597
18021	141	46	0	334293
18021	142	31	0	214600
18021	145	1	0	6800
18022	217	1	0	24
18024	119	13	1	103644
18024	120	1	0	20485
18024	129	5	1	29868
18024	141	7	1	30897
18024	142	17	0	114868
18024	144	1	0	11897
18024	256	1	0	24
18028	138	33	1	319829
18030	106	50	1	1209494
18030	107	21	0	187816
18030	108	3	0	13259
18033	234	1	0	24
1	1	0	0	0	25868913	0	0	25868913	0	0	9004	/employees/33/edit
1	1	0	0	0	25868914	0	0	25868914	0	0	8983	/employees/36/edit
1	6	0	0	0	25949525	0	0	25858708	0	0	12672	/admin/layout4/scripts/demo.js
1	1	0	0	0	25873222	0	0	25873222	0	0	8338	/employee-deductions/58/edit
1	47	0	1	0	25963738	25928093	0	25868942	25928093	0	342307	/payroll-print
1	1	0	0	0	25868921	0	0	25868921	0	0	8985	/employees/39/edit
1	1	0	0	0	25868921	0	0	25868921	0	0	8999	/employees/40/edit
1	24	0	3	0	25949487	25868989	0	25868888	25868904	0	211033	/deductions
1	14	0	0	0	25949364	0	0	25869017	0	0	118335	/loans/03-2019
1	1	0	0	0	25868922	0	0	25868922	0	0	9009	/employees/43/edit
1	1	0	0	0	25949568	0	0	25949568	0	0	31788	/payroll-pdf/1497
1	1	0	0	0	25868924	0	0	25868924	0	0	9008	/employees/46/edit
1	153	0	10	0	25955280	25947888	0	25858721	25858727	0	1661416	/contracts
1	1	0	0	0	25868889	0	0	25868889	0	0	8268	/employee-deductions/68/edit
1	1	0	0	0	25868925	0	0	25868925	0	0	9002	/employees/50/edit
1	1	0	0	0	25868925	0	0	25868925	0	0	8995	/employees/49/edit
1	1	0	0	0	25935080	0	0	25935080	0	0	10665	/loans/2/edit
1	2	0	0	0	25868926	0	0	25868926	0	0	17968	/employees/53/edit
1	2	0	0	0	25936704	0	0	25936702	0	0	21391	/loans/5/edit
1	2	0	0	0	25872990	0	0	25860165	0	0	16132	/employee-types/1
1	2	0	0	0	25868928	0	0	25868875	0	0	18004	/employees/56/edit
1	1	0	0	0	25868929	0	0	25868929	0	0	9009	/employees/59/edit
1	1	0	0	0	25945098	0	0	25945098	0	0	8841	/employees/63/edit
1	8	0	0	2	25873352	0	25936629	25873209	0	25936472	23191	/eft-report
1	18	0	0	1	25963734	0	25935153	25935149	0	25935153	145037	/print-payslips
1	1	0	0	0	25873241	0	0	25873241	0	0	33279	/payroll-pdf/238
1	1	0	0	0	25945329	0	0	25945329	0	0	8892	/employees/69/edit
1	2	0	0	0	25936789	0	0	25936629	0	0	16235	/tax?type=p10b
1	1	0	0	0	25868947	0	0	25868947	0	0	8274	/employee-deductions/92/edit
1	2	0	0	0	25873238	0	0	25873218	0	0	16661	/tax?type=p10a
1	444	0	52	7	25963737	25963737	25868994	25858709	25858739	25868912	6920459	/payroll
1	23	0	0	0	25961011	0	0	25858708	0	0	1364452	/plugins/simple-line-icons/fonts/Simple-Line-Icons.woff
1	1	0	0	0	25868948	0	0	25868948	0	0	8276	/employee-deductions/95/edit
1	1	0	0	0	25868948	0	0	25868948	0	0	8267	/employee-deductions/98/edit
1	27	0	0	0	25949454	0	0	25858708	0	0	16720	/plugins/bootstrap-switch/js/bootstrap-switch.min.js
1	9	0	0	0	25949544	0	0	25858711	0	0	10143	/plugins/datatables/media/images/sort_desc.png
1	1	0	0	0	25872970	0	0	25872970	0	0	3705	/_debugbar/open?op=get&id=819ed6d6311ce664e9721c4916e726ae
1	1	0	0	0	25869050	0	0	25869050	0	0	2398	/coinage
1	0	0	1	0	0	25868950	0	0	25868950	0	0	/employee-deductions/178
1	1	0	0	0	25876193	0	0	25876193	0	0	9011	/payment-methods/3/edit
1	0	0	1	0	0	25873238	0	0	25873238	0	0	/employee-deductions/166
1	20	0	4	0	25945046	25919442	0	25858769	25858770	0	206258	/advances-bulk
1	60	0	0	0	25935040	0	0	25858771	0	0	556639	/advances/02-2019
1	8	0	0	0	25928051	0	0	25893487	0	0	66426	/advances/84/edit
1	1	0	0	0	25935012	0	0	25935012	0	0	8142	/payroll/522
1	0	0	1	0	0	25928069	0	0	25928069	0	0	/payroll/521
1	0	0	1	0	0	25928071	0	0	25928071	0	0	/payroll/520
1	0	0	1	0	0	25928071	0	0	25928071	0	0	/payroll/519
1	0	0	1	0	0	25928070	0	0	25928070	0	0	/payroll/518
1	0	0	1	0	0	25928070	0	0	25928070	0	0	/payroll/517
1	0	0	1	0	0	25928070	0	0	25928070	0	0	/payroll/516
1	0	0	1	0	0	25928071	0	0	25928071	0	0	/payroll/515
1	0	0	1	0	0	25928070	0	0	25928070	0	0	/payroll/514
1	0	0	1	0	0	25928070	0	0	25928070	0	0	/payroll/513
1	0	0	1	0	0	25928070	0	0	25928070	0	0	/payroll/512
1	0	0	1	0	0	25928070	0	0	25928070	0	0	/payroll/511
1	3	0	0	0	25872982	0	0	25858872	0	0	24462	/kra-imports
1	0	0	1	0	0	25928070	0	0	25928070	0	0	/payroll/510
1	0	0	1	0	0	25928070	0	0	25928070	0	0	/payroll/509
1	0	0	2	0	0	25928069	0	0	25898932	0	0	/payroll/499
1	0	0	1	0	0	25928069	0	0	25928069	0	0	/payroll/508
1	0	0	2	0	0	25928069	0	0	25898932	0	0	/payroll/498
1	0	0	1	0	0	25928069	0	0	25928069	0	0	/payroll/507
1	0	0	2	0	0	25928072	0	0	25898932	0	0	/payroll/497
1	1	0	0	0	25869028	0	0	25869028	0	0	33894	/payroll-pdf/147
1	0	0	2	0	0	25928072	0	0	25898932	0	0	/payroll/496
1	0	0	1	0	0	25928069	0	0	25928069	0	0	/payroll/506
1	0	0	2	0	0	25928069	0	0	25898930	0	0	/payroll/505
1	0	0	2	0	0	25928072	0	0	25898932	0	0	/payroll/495
1	0	0	2	0	0	25928072	0	0	25898932	0	0	/payroll/494
1	0	0	2	0	0	25928069	0	0	25898933	0	0	/payroll/504
1	1	0	0	0	25936466	0	0	25936466	0	0	8178	/users
1	0	0	2	0	0	25928072	0	0	25898931	0	0	/payroll/493
1	0	0	2	0	0	25928069	0	0	25898933	0	0	/payroll/503
1	0	0	2	0	0	25928072	0	0	25898931	0	0	/payroll/492
1	0	0	2	0	0	25928069	0	0	25898933	0	0	/payroll/502
1	0	0	2	0	0	25928072	0	0	25898931	0	0	/payroll/491
1	0	0	2	0	0	25928069	0	0	25898933	0	0	/payroll/501
1	0	0	2	0	0	25928072	0	0	25898931	0	0	/payroll/489
1	0	0	2	0	0	25928072	0	0	25898931	0	0	/payroll/490
1	0	0	2	0	0	25928069	0	0	25898932	0	0	/payroll/500
1	1	0	0	0	25868998	0	0	25868998	0	0	33004	/payroll-pdf/139
1	0	0	2	0	0	25928072	0	0	25898931	0	0	/payroll/488
1	1	0	0	0	25868993	0	0	25868993	0	0	32279	/payroll-pdf/138
1	0	0	2	0	0	25928071	0	0	25898931	0	0	/payroll/487
1	0	0	2	0	0	25928071	0	0	25898931	0	0	/payroll/486
1	0	0	2	0	0	25928071	0	0	25898931	0	0	/payroll/485
1	0	0	2	0	0	25928071	0	0	25898931	0	0	/payroll/484
1	0	0	2	0	0	25928071	0	0	25898931	0	0	/payroll/483
1	0	0	2	0	0	25928071	0	0	25898930	0	0	/payroll/482
1	0	0	1	0	0	25898939	0	0	25898939	0	0	/payroll/479
1	0	0	1	0	0	25928074	0	0	25928074	0	0	/payroll/477
1	47	0	0	1	25963737	0	25928093	25858740	0	25928093	492598	/payroll-generate
1	1	0	0	0	25860168	0	0	25860168	0	0	11828	/grades/1/edit
1	0	0	1	0	0	25928074	0	0	25928074	0	0	/payroll/476
1	0	0	1	0	0	25928074	0	0	25928074	0	0	/payroll/475
1	1	1	3	0	25867512	25872951	0	25867512	25858707	0	8591	/?195.154.61.206
1	0	0	1	0	0	25928074	0	0	25928074	0	0	/payroll/474
1	0	0	1	0	0	25928074	0	0	25928074	0	0	/payroll/473
1	0	0	1	0	0	25928074	0	0	25928074	0	0	/payroll/472
1	0	0	1	0	0	25928074	0	0	25928074	0	0	/payroll/471
1	0	0	1	0	0	25868950	0	0	25868950	0	0	/employee-deductions/107
1	5	0	0	1	25945085	0	25898926	25898905	0	25898926	1256076	/payroll-pdfs?all=true&main=Branches&main=Branches
1	0	0	1	0	0	25928074	0	0	25928074	0	0	/payroll/470
1	0	0	1	0	0	25928074	0	0	25928074	0	0	/payroll/469
1	1	0	0	0	25868991	0	0	25868991	0	0	10702	/deductions/7/edit
1	0	0	1	0	0	25928073	0	0	25928073	0	0	/payroll/468
1	833	0	0	0	25963734	0	0	25858707	0	0	4457817	/plugins/font-awesome/css/font-awesome.min.css
1	0	0	1	0	0	25868949	0	0	25868949	0	0	/employee-deductions/104
1	0	0	1	0	0	25928073	0	0	25928073	0	0	/payroll/467
1	0	0	1	0	0	25928073	0	0	25928073	0	0	/payroll/466
1	0	0	1	0	0	25928073	0	0	25928073	0	0	/payroll/465
1	1	0	0	0	25945062	0	0	25945062	0	0	9118	/loans/details/7
1	0	0	1	0	0	25868949	0	0	25868949	0	0	/employee-deductions/101
1	0	0	1	0	0	25928073	0	0	25928073	0	0	/payroll/464
1	0	0	1	0	0	25928073	0	0	25928073	0	0	/payroll/463
1	0	0	1	0	0	25928073	0	0	25928073	0	0	/payroll/462
1	0	0	1	0	0	25928073	0	0	25928073	0	0	/payroll/461
1	36	0	0	0	25949525	0	0	25858708	0	0	4037868	/_debugbar/assets/javascript?v=1473948119
1	0	0	1	0	0	25898940	0	0	25898940	0	0	/payroll/459
1	0	0	1	0	0	25928073	0	0	25928073	0	0	/payroll/460
1	58	0	0	0	25949525	0	0	25858708	0	0	119214	/plugins/select2/select2.css
1	0	0	1	0	0	25898940	0	0	25898940	0	0	/payroll/458
1	0	0	1	0	0	25898939	0	0	25898939	0	0	/payroll/457
1	1	0	0	0	25868890	0	0	25868890	0	0	9071	/allowances
1	0	0	1	0	0	25898939	0	0	25898939	0	0	/payroll/456
1	0	0	1	0	0	25898939	0	0	25898939	0	0	/payroll/455
1	0	0	1	0	0	25898939	0	0	25898939	0	0	/payroll/454
1	0	0	1	0	0	25898939	0	0	25898939	0	0	/payroll/453
1	0	0	1	0	0	25898939	0	0	25898939	0	0	/payroll/452
1	0	0	1	0	0	25898938	0	0	25898938	0	0	/payroll/451
1	1	0	0	0	25945164	0	0	25945164	0	0	3532	/_debugbar/open?op=get&id=b2fa9b7affecbb9a8692e7a5b1589531
1	0	0	1	0	0	25898938	0	0	25898938	0	0	/payroll/449
1	1	0	0	0	25868983	0	0	25868983	0	0	33689	/payroll-pdf/101
1	0	0	1	0	0	25898938	0	0	25898938	0	0	/payroll/450
1	64	0	0	0	25963734	0	0	25858708	0	0	103541	/plugins/uniform/css/uniform.default.css
1	0	0	1	0	0	25898938	0	0	25898938	0	0	/payroll/448
1	0	0	1	0	0	25898937	0	0	25898937	0	0	/payroll/447
1	0	0	1	0	0	25898937	0	0	25898937	0	0	/payroll/446
1	0	0	1	0	0	25898933	0	0	25898933	0	0	/payroll/445
1	0	0	1	0	0	25868948	0	0	25868948	0	0	/employee-deductions/98
1	0	0	1	0	0	25868948	0	0	25868948	0	0	/employee-deductions/95
1	0	0	1	0	0	25949543	0	0	25949543	0	0	/employees/73
1	14	0	0	0	25936717	0	0	25858863	0	0	148336	/payroll/0?sub=2-2019
1	0	0	1	0	0	25868948	0	0	25868948	0	0	/employee-deductions/92
1	1	0	0	0	25936718	0	0	25936718	0	0	8211	/payroll/437
1	0	0	1	0	0	25868947	0	0	25868947	0	0	/employee-deductions/89
1	0	0	1	0	0	25868947	0	0	25868947	0	0	/employee-deductions/86
1	3	0	0	0	25949568	0	0	25949565	0	0	28409	/employees/64
1	1	0	1	0	25945098	25945099	0	25945098	25945099	0	9600	/employees/63
1	3	0	1	0	25935076	25886077	0	25935042	25886077	0	28635	/employees/62
1	0	0	1	0	0	25868946	0	0	25868946	0	0	/employee-deductions/83
1	1	0	1	0	25935060	25886076	0	25935060	25886076	0	9551	/employees/61
1	4	0	0	0	25935052	0	0	25868956	0	0	38173	/employees/60
1	2	0	1	0	25935060	25868929	0	25868964	25868929	0	19126	/employees/59
1	50	0	0	0	25950943	0	0	25858711	0	0	28128	/plugins/select2/select2.png
1	6	0	1	0	25935059	25868929	0	25868964	25868929	0	57695	/employees/58
1	5	0	2	0	25935059	25868928	0	25868964	25868875	0	49554	/employees/57
1	3	0	2	0	25935058	25868928	0	25868963	25868875	0	28877	/employees/56
1	2	0	1	0	25935058	25868927	0	25868963	25868927	0	18999	/employees/55
1	0	0	1	0	0	25868946	0	0	25868946	0	0	/employee-deductions/77
1	2	0	1	0	25935057	25868927	0	25868963	25868927	0	19076	/employees/54
1	2	0	2	0	25935057	25868927	0	25868963	25868926	0	19119	/employees/53
1	2	0	1	0	25935057	25868926	0	25868962	25868926	0	18966	/employees/52
1	0	0	1	0	0	25868945	0	0	25868945	0	0	/employee-deductions/74
1	2	0	1	0	25935056	25868925	0	25868962	25868925	0	19113	/employees/51
1	2	0	1	0	25935056	25868925	0	25868961	25868925	0	19115	/employees/49
1	2	0	1	0	25935056	25868925	0	25868962	25868925	0	19030	/employees/50
1	3	0	1	0	25935055	25868924	0	25868961	25868924	0	28613	/employees/48
1	0	0	1	0	0	25868945	0	0	25868945	0	0	/employee-deductions/71
1	0	0	1	0	0	25873237	0	0	25873237	0	0	/employee-deductions/70
1	2	0	1	0	25935055	25868924	0	25868960	25868924	0	19089	/employees/47
1	1	0	0	0	25873268	0	0	25873268	0	0	8294	/payroll-report?195.154.61.206
1	2	0	1	0	25935055	25868924	0	25868960	25868924	0	19150	/employees/46
1	2	0	1	0	25935055	25868923	0	25868960	25868923	0	19016	/employees/45
1	0	0	1	0	0	25873236	0	0	25873236	0	0	/employee-deductions/67
1	2	0	1	0	25935054	25868923	0	25868959	25868923	0	19008	/employees/44
1	2	0	1	0	25935054	25868922	0	25868959	25868922	0	19093	/employees/43
1	2	0	1	0	25935054	25868922	0	25868959	25868922	0	19071	/employees/42
1	0	0	1	0	0	25873235	0	0	25873235	0	0	/employee-deductions/64
1	2	0	1	0	25935054	25868922	0	25868958	25868922	0	19082	/employees/41
1	3	0	1	0	25935053	25868921	0	25868957	25868921	0	28556	/employees/39
1	2	0	1	0	25935053	25868921	0	25868958	25868921	0	19141	/employees/40
1	0	0	1	0	0	25873235	0	0	25873235	0	0	/employee-deductions/61
1	2	0	1	0	25935052	25868921	0	25868957	25868921	0	19103	/employees/38
1	0	0	1	0	0	25873221	0	0	25873221	0	0	/employee-deductions/60
1	0	0	1	0	0	25873220	0	0	25873220	0	0	/employee-deductions/59
1	2	0	1	0	25935052	25868920	0	25868957	25868920	0	19098	/employees/37
1	0	0	1	0	0	25873223	0	0	25873223	0	0	/employee-deductions/58
1	3	0	1	0	25935052	25868914	0	25868955	25868914	0	28782	/employees/36
1	1	0	0	0	25949534	0	0	25949534	0	0	31776	/payroll-pdf/1270
1	2	0	1	0	25935051	25868914	0	25868955	25868914	0	19081	/employees/35
1	3	0	1	0	25935051	25868913	0	25868955	25868913	0	28628	/employees/34
1	3	0	1	0	25935051	25868913	0	25868954	25868913	0	28724	/employees/33
1	2	0	1	0	25935050	25868898	0	25868954	25868898	0	19070	/employees/32
1	2	0	1	0	25935050	25868898	0	25868954	25868898	0	19105	/employees/31
1	2	0	1	0	25935050	25868898	0	25868954	25868898	0	19123	/employees/30
1	4	0	2	0	25949530	25868897	0	25868894	25867458	0	38288	/employees/29
1	0	0	1	0	0	25866152	0	0	25866152	0	0	/employees/28
1	0	0	1	0	0	25873234	0	0	25873234	0	0	/employee-deductions/49
1	1	0	0	0	25868949	0	0	25868949	0	0	8274	/employee-deductions/178/edit
1	2	0	2	0	25935049	25868897	0	25868953	25867458	0	19119	/employees/27
1	4	0	2	0	25935049	25868897	0	25868890	25867458	0	38215	/employees/26
1	5	0	4	0	25935048	25868896	0	25868901	25867457	0	47374	/employees/25
1	1	0	0	0	25873341	0	0	25873341	0	0	8380	/payroll/383
1	3	0	1	0	25936694	25872957	0	25868982	25872957	0	28594	/employees/24
1	1	0	0	0	25873340	0	0	25873340	0	0	8403	/payroll/382
1	0	0	1	0	0	25872956	0	0	25872956	0	0	/employees/23
1	1	0	0	0	25873341	0	0	25873341	0	0	8380	/payroll/381
1	0	0	1	0	0	25872955	0	0	25872955	0	0	/employees/22
1	0	0	1	0	0	25872975	0	0	25872975	0	0	/payroll/379
1	1	0	1	0	25873218	25872955	0	25873218	25872955	0	9707	/employees/21
1	0	0	1	0	0	25872974	0	0	25872974	0	0	/payroll/378
1	0	0	1	0	0	25872953	0	0	25872953	0	0	/employees/20
1	3	0	0	0	25949538	0	0	25935048	0	0	29727	/contracts/25/edit
1	0	0	1	0	0	25873233	0	0	25873233	0	0	/employee-deductions/41
1	0	0	1	0	0	25872974	0	0	25872974	0	0	/payroll/377
1	1	0	1	0	25948115	25886075	0	25948115	25886075	0	9644	/employees/17
1	0	0	1	0	0	25872974	0	0	25872974	0	0	/payroll/376
1	0	0	1	0	0	25886073	0	0	25886073	0	0	/employees/16
1	0	0	1	0	0	25873232	0	0	25873232	0	0	/employee-deductions/38
1	0	0	1	0	0	25872974	0	0	25872974	0	0	/payroll/375
1	0	0	1	0	0	25872974	0	0	25872974	0	0	/payroll/374
1	0	0	1	0	0	25872974	0	0	25872974	0	0	/payroll/373
1	54	0	0	0	25950950	0	0	25858708	0	0	8568	/plugins/morris/morris.css
1	0	0	1	0	0	25873232	0	0	25873232	0	0	/employee-deductions/35
1	0	0	1	0	0	25872974	0	0	25872974	0	0	/payroll/372
1	0	0	1	0	0	25872974	0	0	25872974	0	0	/payroll/371
1	0	0	1	0	0	25872974	0	0	25872974	0	0	/payroll/370
1	0	0	1	0	0	25872974	0	0	25872974	0	0	/payroll/369
1	0	0	1	0	0	25873231	0	0	25873231	0	0	/employee-deductions/32
1	0	0	1	0	0	25872973	0	0	25872973	0	0	/payroll/368
1	2	0	0	0	25867564	0	0	25860140	0	0	17793	/employees/4/edit
1	0	0	1	0	0	25872973	0	0	25872973	0	0	/payroll/367
1	0	0	1	0	0	25873230	0	0	25873230	0	0	/employee-deductions/29
1	0	0	1	0	0	25872973	0	0	25872973	0	0	/payroll/366
1	0	0	1	0	0	25872973	0	0	25872973	0	0	/payroll/365
1	0	0	1	0	0	25872973	0	0	25872973	0	0	/payroll/364
1	7	0	0	0	25949525	0	0	25858708	0	0	52969	/plugins/excanvas.min.js
1	0	0	1	0	0	25873228	0	0	25873228	0	0	/employee-deductions/26
1	0	0	1	0	0	25872973	0	0	25872973	0	0	/payroll/363
1	2	0	0	0	25886073	0	0	25858762	0	0	17632	/employees/7/edit
1	0	0	1	0	0	25872973	0	0	25872973	0	0	/payroll/362
1	0	0	1	0	0	25872973	0	0	25872973	0	0	/payroll/361
1	0	0	1	0	0	25873225	0	0	25873225	0	0	/employee-deductions/23
1	0	0	1	0	0	25872973	0	0	25872973	0	0	/payroll/360
1	0	0	1	0	0	25872972	0	0	25872972	0	0	/payroll/359
1	0	0	1	0	0	25872972	0	0	25872972	0	0	/payroll/358
1	0	0	1	0	0	25872972	0	0	25872972	0	0	/payroll/357
1	29	0	0	0	25949525	0	0	25858708	0	0	24486	/admin/layout4/scripts/layout.js
1	0	0	1	0	0	25872982	0	0	25872982	0	0	/payroll/356
1	0	0	1	0	0	25872982	0	0	25872982	0	0	/payroll/355
1	0	0	1	0	0	25872978	0	0	25872978	0	0	/payroll/354
1	0	0	1	0	0	25872981	0	0	25872981	0	0	/payroll/353
1	0	0	1	0	0	25872981	0	0	25872981	0	0	/payroll/352
1	480	0	0	0	25963737	0	0	25858708	0	0	182095	/plugins/bootstrap-modal/css/bootstrap-modal-bs3patch.css
1	1	0	0	0	25949522	0	0	25949522	0	0	9917	/contracts/42/edit
1	0	0	1	0	0	25872981	0	0	25872981	0	0	/payroll/351
1	0	0	1	0	0	25872981	0	0	25872981	0	0	/payroll/349
1	0	0	1	0	0	25872981	0	0	25872981	0	0	/payroll/350
1	0	0	1	0	0	25872981	0	0	25872981	0	0	/payroll/348
1	0	0	1	0	0	25872981	0	0	25872981	0	0	/payroll/347
1	0	0	1	0	0	25872981	0	0	25872981	0	0	/payroll/346
1	1	0	0	0	25949491	0	0	25949491	0	0	32495	/payroll-pdf/1219
1	29	0	0	0	25949525	0	0	25858708	0	0	232960	/plugins/jquery.min.js
1	0	0	1	0	0	25872981	0	0	25872981	0	0	/payroll/345
1	0	0	1	0	0	25872980	0	0	25872980	0	0	/payroll/344
1	0	0	1	0	0	25872980	0	0	25872980	0	0	/payroll/343
1	0	0	1	0	0	25898172	0	0	25898172	0	0	/dasdasd?209.17.96.58
1	0	0	1	0	0	25872980	0	0	25872980	0	0	/payroll/342
1	54	0	0	0	25961011	0	0	25858708	0	0	1401477	/css/components-rounded.css
1	0	0	1	0	0	25872980	0	0	25872980	0	0	/payroll/341
1	0	0	1	0	0	25872980	0	0	25872980	0	0	/payroll/339
1	0	0	1	0	0	25872980	0	0	25872980	0	0	/payroll/340
1	1	0	0	0	25876155	0	0	25876155	0	0	9924	/contracts/48/edit
1	0	0	1	0	0	25949514	0	0	25949514	0	0	/loans/22
1	157	0	0	0	25963732	0	0	25858709	0	0	178352	/plugins/datatables/media/images/sort_both.png
1	0	0	1	0	0	25872980	0	0	25872980	0	0	/payroll/338
1	0	0	1	0	0	25872980	0	0	25872980	0	0	/payroll/337
1	0	0	1	0	0	25949375	0	0	25949375	0	0	/loans/19
1	0	0	1	0	0	25949375	0	0	25949375	0	0	/loans/20
1	164	0	0	0	25961012	0	0	25858708	0	0	444006	/css/fullcalendar.min.css
1	0	0	1	0	0	25872979	0	0	25872979	0	0	/payroll/336
1	0	0	1	0	0	25949363	0	0	25949363	0	0	/loans/18
1	18	0	0	3	25963734	0	25949449	25935154	0	25935149	5528025	/payroll-pdfs
1	0	0	1	0	0	25872979	0	0	25872979	0	0	/payroll/335
1	1	0	0	0	25928055	0	0	25928055	0	0	8271	/advances/121/edit
1	0	0	1	0	0	25949375	0	0	25949375	0	0	/loans/17
1	0	0	1	0	0	25896939	0	0	25896939	0	0	/dasdasd?209.17.96.50
1	0	0	1	0	0	25872979	0	0	25872979	0	0	/payroll/334
1	0	0	1	0	0	25872979	0	0	25872979	0	0	/payroll/333
1	0	0	1	0	0	25872979	0	0	25872979	0	0	/payroll/332
1	0	0	1	0	0	25872979	0	0	25872979	0	0	/payroll/331
1	0	0	1	0	0	25872978	0	0	25872978	0	0	/payroll/330
1	0	0	1	0	0	25872978	0	0	25872978	0	0	/payroll/329
1	1	0	0	0	25949358	0	0	25949358	0	0	32504	/payroll-pdf/1193
1	0	0	1	0	0	25872978	0	0	25872978	0	0	/payroll/328
1	1	0	0	0	25876153	0	0	25876153	0	0	7922	/payment-structures/1
1	0	0	1	0	0	25945072	0	0	25945072	0	0	/loans/11
1	0	0	1	0	0	25872978	0	0	25872978	0	0	/payroll/327
1	5	0	0	0	25949454	0	0	25949450	0	0	163805	/payroll-pdf/1201
1	0	0	1	0	0	25945072	0	0	25945072	0	0	/loans/10
1	0	0	1	0	0	25872978	0	0	25872978	0	0	/payroll/326
1	0	0	1	0	0	25872978	0	0	25872978	0	0	/payroll/325
1	0	0	1	0	0	25872978	0	0	25872978	0	0	/payroll/324
1	8	0	0	5	25945086	0	25898926	25858862	0	25858709	783219	/payroll-pdfs?all=true
1	0	0	1	0	0	25872978	0	0	25872978	0	0	/payroll/323
1	0	0	1	0	0	25872978	0	0	25872978	0	0	/payroll/322
1	0	0	1	0	0	25872977	0	0	25872977	0	0	/payroll/321
1	0	0	1	0	0	25872977	0	0	25872977	0	0	/payroll/320
1	1	0	0	0	25873106	0	0	25873106	0	0	3687	/_debugbar/open?op=get&id=84b9ce01341a40ef7ebf9b1caafef43b
1	1	0	0	0	25935061	0	0	25935061	0	0	9907	/contracts/62/edit
1	3	0	0	0	25936639	0	0	25936631	0	0	24964	/advances/134/edit
1	1	0	0	0	25949556	0	0	25949556	0	0	9923	/contracts/65/edit
1	29	0	0	0	25949525	0	0	25858708	0	0	5418	/plugins/jquery.cokie.min.js
1	1	0	0	0	25949559	0	0	25949559	0	0	9925	/contracts/68/edit
1	6	0	0	0	25868888	0	0	25858722	0	0	59551	/contracts/2/edit
1	30	0	0	0	25950949	0	0	25858708	0	0	1912	/admin/pages/scripts/tasks.js
1	1	0	0	0	25949557	0	0	25949557	0	0	9933	/contracts/72/edit
1	27	0	0	0	25949454	0	0	25858708	0	0	154520	/js/fullcalendar.min.js
1	0	0	7	0	0	25949568	0	0	25949354	0	0	/delete-payroll?date=2019-04-30
1	1	0	0	0	25873225	0	0	25873225	0	0	8330	/employee-deductions/23/edit
1	1	0	0	0	25873228	0	0	25873228	0	0	8336	/employee-deductions/26/edit
1	3	0	0	0	25860143	0	0	25860110	0	0	24345	/advances/1/edit
1	2	0	0	0	25936662	0	0	25936662	0	0	408404	/payroll-pdfs?all=true&sub=3-2019
1	1	0	0	0	25909373	0	0	25909373	0	0	8281	/advances/7/edit
1	2	0	1	0	25932982	25926266	0	25926633	25926266	0	48	/robots.txt?209.17.96.58
1	35	0	0	0	25949514	0	0	25860120	0	0	370656	/loans/create
1	27	0	0	0	25949454	0	0	25858708	0	0	43840	/plugins/bootstrap-datepicker/js/bootstrap-datepicker.min.js
1	2	0	0	0	25886074	0	0	25858829	0	0	17661	/employees/17/edit
1	1	0	0	0	25872954	0	0	25872954	0	0	9070	/employees/21/edit
1	0	0	7	0	0	25914538	0	0	25880573	0	0	/?209.17.96.58
1	2	0	0	0	25945164	0	0	25898909	0	0	1709	/departments
1	1	0	0	0	25860167	0	0	25860167	0	0	8188	/grades/1
1	111	0	0	0	25961012	0	0	25858708	0	0	246915	/plugins/bootstrap-toastr/toastr.min.css
1	29	0	0	0	25949525	0	0	25858708	0	0	24675	/plugins/jquery.blockui.min.js
1	1	0	0	0	25872957	0	0	25872957	0	0	9066	/employees/24/edit
1	4	0	0	0	25872990	0	0	25858725	0	0	32568	/employee-types
1	2	0	0	0	25888925	0	0	25877671	0	0	9492	/login?209.17.96.58
1	0	0	1	0	0	25885434	0	0	25885434	0	0	/?209.17.96.50
1	2	0	0	0	25868897	0	0	25867458	0	0	17984	/employees/27/edit
1	1	0	0	0	25873241	0	0	25873241	0	0	8379	/payroll/238
1	0	0	1	0	0	25971098	0	0	25971098	0	0	/?45.55.42.208
1	2	0	0	0	25876149	0	0	25868898	0	0	17871	/employees/31/edit
1	1	0	0	0	25868913	0	0	25868913	0	0	8991	/employees/34/edit
1	1	0	0	0	25868920	0	0	25868920	0	0	8968	/employees/37/edit
1	1	0	0	0	25873220	0	0	25873220	0	0	8364	/employee-deductions/59/edit
1	1	0	0	0	25873221	0	0	25873221	0	0	8352	/employee-deductions/60/edit
1	1	0	0	0	25948213	0	0	25948213	0	0	9145	/loans/details/14
1	0	0	1	3	0	25893518	25898172	0	25893518	25893518	0	/dasdasd
1	1	0	0	0	25868922	0	0	25868922	0	0	9028	/employees/41/edit
1	29	0	0	0	25949525	0	0	25858708	0	0	21441	/plugins/jquery-migrate.min.js
1	33	0	0	0	25961012	0	0	25935080	0	0	275738	/loans/04-2019
1	1	0	0	0	25868923	0	0	25868923	0	0	8999	/employees/44/edit
1	1	0	0	0	25868924	0	0	25868924	0	0	8990	/employees/47/edit
1	27	0	0	0	25949454	0	0	25858708	0	0	55645	/plugins/moment.min.js
1	1	0	0	0	25868925	0	0	25868925	0	0	9014	/employees/51/edit
1	1	0	0	0	25868927	0	0	25868927	0	0	8978	/employees/54/edit
1	2	0	0	0	25868928	0	0	25868875	0	0	17996	/employees/57/edit
1	1	0	0	0	25886076	0	0	25886076	0	0	8848	/employees/61/edit
1	1	0	0	0	25868946	0	0	25868946	0	0	8253	/employee-deductions/83/edit
1	81	0	0	0	25963732	0	0	25858709	0	0	89440	/plugins/datatables/media/images/sort_asc.png
1	1	0	0	0	25868946	0	0	25868946	0	0	8249	/employee-deductions/86/edit
1	47	0	0	0	25961011	0	0	25858708	0	0	250473	/css/plugins.css
1	0	0	1	0	0	25950952	0	0	25950952	0	0	/advances/199
1	0	0	1	0	0	25950953	0	0	25950953	0	0	/advances/198
1	1	0	0	0	25868947	0	0	25868947	0	0	8277	/employee-deductions/89/edit
1	0	0	1	0	0	25950951	0	0	25950951	0	0	/advances/205
1	0	0	1	0	0	25949359	0	0	25949359	0	0	/advances/195
1	1	0	0	0	25936689	0	0	25936689	0	0	9152	/loans/details/7?209.17.97.106
1	0	0	1	0	0	25950952	0	0	25950952	0	0	/advances/200
1	0	0	1	0	0	25950951	0	0	25950951	0	0	/advances/188
1	375	0	0	0	25963734	0	0	25858708	0	0	7038582	/plugins/bootstrap/css/bootstrap.min.css
1	0	0	1	0	0	25963732	0	0	25963732	0	0	/finalize-payroll?date=2019-04-30
1	1	0	0	0	25876144	0	0	25876144	0	0	8305	/advances/62/edit
1	567	0	0	0	25963734	0	0	25858708	0	0	0	/favicon.ico
1	1	0	0	0	25869028	0	0	25869028	0	0	8304	/payroll/147
1	1	0	0	0	25936789	0	0	25936789	0	0	27798	/tax/p10b
1	1	0	0	0	25868998	0	0	25868998	0	0	8286	/payroll/139
1	1	0	0	0	25868993	0	0	25868993	0	0	8297	/payroll/138
1	3	0	0	0	25873239	0	0	25873218	0	0	206213	/tax/p10a
1	0	0	1	0	0	25936718	0	0	25936718	0	0	/advances/171
1	0	0	1	0	0	25936715	0	0	25936715	0	0	/advances/169
1	0	0	1	0	0	25936716	0	0	25936716	0	0	/advances/167
1	0	0	18	0	0	25963744	0	0	25875995	0	0	/logout
1	0	0	1	0	0	25936720	0	0	25936720	0	0	/advances/166
1	1	0	0	0	25876152	0	0	25876152	0	0	8840	/employees/31/edit?195.154.61.206
1	0	0	1	0	0	25935043	0	0	25935043	0	0	/advances/159
1	0	0	1	0	0	25936645	0	0	25936645	0	0	/advances/153
1	0	0	1	0	0	25936644	0	0	25936644	0	0	/advances/152
1	1	0	0	0	25868989	0	0	25868989	0	0	12637	/employee-deductions/create?deduction=7
1	1	0	0	0	25868910	0	0	25868910	0	0	12462	/employee-deductions/create?deduction=6
1	2	0	0	0	25876019	0	0	25876018	0	0	16600	/advances/82/edit
1	2	0	0	0	25868908	0	0	25868905	0	0	25001	/employee-deductions/create?deduction=5
1	0	0	1	0	0	25936646	0	0	25936646	0	0	/advances/148
1	118	0	0	0	25943609	0	0	25869004	0	0	1176193	/advances/03-2019
1	1	0	0	0	25860108	0	0	25860108	0	0	8134	/contracts/8
1	3	0	2	0	25877674	25860146	0	25860108	25860107	0	24632	/contracts/7
1	3	0	0	0	25873220	0	0	25868889	0	0	27787	/employee-deductions/create?deduction=2
1	1	0	0	0	25943609	0	0	25943609	0	0	8299	/advances/85/edit
1	1	0	0	0	25858723	0	0	25858723	0	0	8136	/contracts/6
1	15	0	0	0	25873238	0	0	25873223	0	0	144513	/employee-deductions/create?deduction=1
1	1	0	0	0	25935154	0	0	25935154	0	0	35304	/plugins/simple-line-icons/fonts/Simple-Line-Icons.ttf
1	4	0	0	0	25858730	0	0	25858721	0	0	32455	/contracts/5
1	0	0	1	0	0	25936643	0	0	25936643	0	0	/advances/141
1	7	0	3	0	25868888	25868888	0	25858722	25858731	0	56981	/contracts/2
1	0	0	1	0	0	25936642	0	0	25936642	0	0	/advances/140
1	0	0	1	0	0	25936641	0	0	25936641	0	0	/advances/138
1	0	0	1	0	0	25936714	0	0	25936714	0	0	/advances/136
1	0	0	1	0	0	25868989	0	0	25868989	0	0	/payroll/103
1	40	0	0	0	25961011	0	0	25858708	0	0	57912	/images/smalllogo.jpg
1	0	0	2	0	0	25936639	0	0	25936639	0	0	/advances/134
1	1	0	0	0	25868983	0	0	25868983	0	0	8311	/payroll/101
1	0	0	1	0	0	25935033	0	0	25935033	0	0	/advances/132
1	0	0	1	0	0	25935033	0	0	25935033	0	0	/advances/131
1	1	0	0	0	25868951	0	0	25868951	0	0	8269	/employee-deductions/17/edit?195.154.61.206
1	0	0	1	0	0	25935023	0	0	25935023	0	0	/advances/124
1	0	0	1	0	0	25935023	0	0	25935023	0	0	/advances/123
1	0	0	2	0	0	25935041	0	0	25928055	0	0	/advances/121
1	0	0	1	0	0	25935031	0	0	25935031	0	0	/advances/119
1	0	0	2	0	0	25935040	0	0	25928054	0	0	/advances/118
1	1	0	0	0	25869005	0	0	25869005	0	0	9378	/policies/1/edit
1	66	0	0	0	25963734	0	0	25858708	0	0	67728	/plugins/bootstrap-switch/css/bootstrap-switch.min.css
1	1	0	0	0	25949360	0	0	25949360	0	0	32511	/payroll-pdf/979
1	110	0	0	0	25963737	0	0	25858708	0	0	28600	/img/portlet-remove-icon-white.png
1	1	0	0	0	25868932	0	0	25868932	0	0	9381	/policies/4/edit
1	0	0	1	0	0	25936633	0	0	25936633	0	0	/advances/111
1	0	0	1	0	0	25936635	0	0	25936635	0	0	/advances/109
1	0	0	1	0	0	25936635	0	0	25936635	0	0	/advances/110
1	0	0	1	0	0	25936635	0	0	25936635	0	0	/advances/108
1	0	0	1	0	0	25936635	0	0	25936635	0	0	/advances/107
1	1	0	2	0	25948213	25945045	0	25948213	25936449	0	11920	/contracts?209.17.97.106
1	6	0	0	0	25963737	0	0	25948087	0	0	68918	/payroll/0?sub=4-2019&main=Branches
1	0	0	1	0	0	25936635	0	0	25936635	0	0	/advances/106
1	0	0	1	0	0	25873227	0	0	25873227	0	0	/employees/9
1	0	0	1	0	0	25936635	0	0	25936635	0	0	/advances/105
1	0	0	1	0	0	25936634	0	0	25936634	0	0	/advances/104
1	1	0	2	0	25873135	25886073	0	25873135	25858763	0	9687	/employees/7
1	0	0	1	0	0	25936634	0	0	25936634	0	0	/advances/103
1	1	0	0	0	25873240	0	0	25873240	0	0	9791	/employees/6
1	1	0	0	0	25936694	0	0	25936694	0	0	9586	/employees/5
1	0	0	1	0	0	25936634	0	0	25936634	0	0	/advances/102
1	1	0	0	0	25936694	0	0	25936694	0	0	9591	/employees/4
1	0	0	1	0	0	25936634	0	0	25936634	0	0	/advances/101
1	1	0	0	0	25936694	0	0	25936694	0	0	9579	/employees/3
1	0	0	1	0	0	25936634	0	0	25936634	0	0	/advances/100
1	4	0	1	0	25936693	25858857	0	25860164	25858857	0	38390	/employees/2
1	1	0	0	0	25868987	0	0	25868987	0	0	10686	/deductions/5/edit
1	5	0	0	0	25909390	0	0	25909373	0	0	57690	/advances/2019
1	1	0	0	0	25948217	0	0	25948217	0	0	11079	/payroll/0?main=Branches&sub=4-2019
1	93	0	0	0	25949531	0	0	25858708	0	0	194064	/plugins/fullcalendar/fullcalendar.min.css
1	1	0	0	0	25949569	0	0	25949569	0	0	8167	/payroll/1562
1	25	0	0	0	25949360	0	0	25868941	0	0	266394	/payroll/0?sub=3-2019
1	108	0	0	0	25949454	0	0	25858708	0	0	118548	/plugins/datatables/plugins/bootstrap/dataTables.bootstrap.css
1	248	0	0	0	25949530	0	0	25858708	0	0	652120	/plugins/bootstrap-datepicker/css/bootstrap-datepicker3.min.css
1	139	0	0	0	25961012	0	0	25858708	0	0	164040	/plugins/bootstrap-daterangepicker/daterangepicker-bs3.css
1	1	0	0	0	25950946	0	0	25950946	0	0	8215	/payroll/1538
1	1	0	0	0	25898909	0	0	25898909	0	0	1058	/departments/1?type=branch
1	29	0	0	0	25949525	0	0	25858708	0	0	58422	/scripts/metronic.js
1	0	0	1	0	0	25868932	0	0	25868932	0	0	/policies/4
1	1	0	0	0	25858737	0	0	25858737	0	0	8061	/payment-structures/create
1	0	0	1	0	0	25869006	0	0	25869006	0	0	/policies/1
1	0	0	1	0	0	25936634	0	0	25936634	0	0	/advances/99
1	0	0	1	0	0	25936634	0	0	25936634	0	0	/advances/98
1	0	0	1	0	0	25936634	0	0	25936634	0	0	/advances/97
1	0	0	1	0	0	25936634	0	0	25936634	0	0	/advances/96
1	0	0	1	0	0	25936634	0	0	25936634	0	0	/advances/95
1	0	0	1	0	0	25936633	0	0	25936633	0	0	/advances/94
1	1	0	0	0	25868911	0	0	25868911	0	0	8281	/employee-deductions/176/edit
1	0	0	1	0	0	25936633	0	0	25936633	0	0	/advances/93
1	1	0	0	0	25949568	0	0	25949568	0	0	8178	/payroll/1497
1	0	0	1	0	0	25936633	0	0	25936633	0	0	/advances/92
1	10	0	0	0	25936629	0	0	25872959	0	0	82608	/eft
1	0	0	1	0	0	25936633	0	0	25936633	0	0	/advances/91
1	0	0	1	0	0	25936633	0	0	25936633	0	0	/advances/90
1	0	0	1	0	0	25936632	0	0	25936632	0	0	/advances/89
1	0	0	1	0	0	25936632	0	0	25936632	0	0	/advances/88
1	0	0	2	0	0	25935030	0	0	25928052	0	0	/advances/84
1	0	0	2	0	0	25876019	0	0	25876019	0	0	/advances/82
1	250	0	0	0	25963732	0	0	25858708	0	0	27686750	/_debugbar/assets/stylesheets?v=1473948356
1	0	0	1	0	0	25873217	0	0	25873217	0	0	/advances/77
1	3	0	0	0	25909377	0	0	25858822	0	0	26460	/employees/2/edit
1	3	0	0	0	25949533	0	0	25949530	0	0	29736	/contracts/29/edit
1	27	0	0	0	25949454	0	0	25858708	0	0	131115	/plugins/datatables/media/js/jquery.dataTables.min.js
1	83	0	0	0	25963737	0	0	25858710	0	0	730429	/payroll/create
1	91	0	80	1	25963744	25963731	25961011	25858707	25858708	25961011	576700	/login
1	28	0	0	0	25949454	0	0	25858708	0	0	4122	/plugins/bootstrap-hover-dropdown/bootstrap-hover-dropdown.min.js
1	11	0	0	0	25876153	0	0	25858733	0	0	89173	/payment-structures
1	46	0	0	0	25948000	0	0	25858727	0	0	492280	/contracts/create
1	17	0	0	0	25963744	0	0	25858708	0	0	94350	/img/syncfusion-icons-white.png
1	0	0	1	0	0	25873212	0	0	25873212	0	0	/employee-payment-methods/57
1	0	0	4	0	0	25935024	0	0	25876017	0	0	/advances/56
1	305	0	0	0	25963737	0	0	25858708	0	0	2155868	/plugins/jquery-ui/jquery-ui.min.css
1	25	0	0	0	25963737	0	0	25858740	0	0	763560	/plugins/uniform/images/sprite.png
1	0	0	1	0	0	25945203	0	0	25945203	0	0	/loans/8
1	0	0	1	0	0	25945072	0	0	25945072	0	0	/loans/7
1	1	0	0	0	25928054	0	0	25928054	0	0	8279	/advances/118/edit
1	1	0	0	0	25949367	0	0	25949367	0	0	10831	/loans/17/edit
1	0	0	2	0	0	25936705	0	0	25936703	0	0	/loans/5
1	0	0	1	0	0	25936669	0	0	25936669	0	0	/loans/4
1	1	0	0	0	25936662	0	0	25936662	0	0	8071	/payroll/0?all=true&sub=3-2019
1	0	0	1	0	0	25936668	0	0	25936668	0	0	/loans/3
1	0	0	1	0	0	25935088	0	0	25935088	0	0	/loans/2
1	300	0	71	0	25961013	25948023	0	25858712	25858753	0	3586517	/employees
1	1	0	0	0	25876156	0	0	25876156	0	0	9932	/contracts/56/edit
1	0	0	1	0	0	25869030	0	0	25869030	0	0	/advances/27
1	1	0	0	0	25949521	0	0	25949521	0	0	9936	/contracts/60/edit
1	27	0	0	0	25949454	0	0	25858708	0	0	10180	/plugins/jquery-slimscroll/jquery.slimscroll.min.js
1	1	0	0	0	25949557	0	0	25949557	0	0	9908	/contracts/66/edit
1	1	0	0	0	25949560	0	0	25949560	0	0	9911	/contracts/70/edit
1	1	0	0	0	25949558	0	0	25949558	0	0	9911	/contracts/69/edit
1	1	0	0	0	25935018	0	0	25935018	0	0	3555	/_debugbar/open?op=get&id=259fb45428d85b273b7c725631dce5eb
1	21	0	0	0	25963731	0	0	25858708	0	0	1192380	/plugins/font-awesome/fonts/fontawesome-webfont.woff2?v=4.3.0
1	8	0	0	0	25909372	0	0	25858726	0	0	65194	/payment-methods
1	27	0	0	0	25949454	0	0	25858708	0	0	65100	/plugins/jquery.sparkline.min.js
1	7	0	0	0	25949525	0	0	25858708	0	0	47635	/plugins/jquery-validation/js/jquery.validate.min.js
1	0	0	19	4	0	25873238	25873222	0	25868889	25868889	0	/employee-deductions
1	1	0	3	0	25952767	25968910	0	25952767	25950121	0	24	/robots.txt
1	1	0	0	0	25935104	0	0	25935104	0	0	32872	/payroll-pdf/742
1	1	0	0	0	25872955	0	0	25872955	0	0	9068	/employees/22/edit
1	4	0	0	0	25935149	0	0	25935103	0	0	128168	/payroll-pdf/735
1	4	0	0	0	25868896	0	0	25867457	0	0	35930	/employees/25/edit
1	0	0	0	2	0	0	25936777	0	0	25936770	0	/home/cloudwage/public_html/images/kra.jpg
1	1	0	0	0	25868898	0	0	25868898	0	0	9004	/employees/32/edit
1	27	0	0	0	25949454	0	0	25858708	0	0	15340	/plugins/datatables/plugins/bootstrap/dataTables.bootstrap.js
1	1	0	0	0	25868914	0	0	25868914	0	0	9014	/employees/35/edit
1	1	0	0	0	25868920	0	0	25868920	0	0	9021	/employees/38/edit
1	4	0	0	0	25936705	0	0	25869027	0	0	33396	/loans/02-2019
1	1	0	0	0	25868922	0	0	25868922	0	0	9016	/employees/42/edit
1	3	0	2	0	25955844	25952653	0	25947885	25933836	0	72	/robots.txt?209.17.97.106
1	11	0	0	0	25949514	0	0	25948119	0	0	91949	/loans/05-2019
1	1	0	0	0	25868923	0	0	25868923	0	0	8984	/employees/45/edit
1	1	0	0	0	25868924	0	0	25868924	0	0	9008	/employees/48/edit
1	1	0	0	0	25868944	0	0	25868944	0	0	8257	/employee-deductions/71/edit
1	2	0	0	0	25875986	0	0	25865792	0	0	9992	/login?195.154.61.206
1	1	0	0	0	25869017	0	0	25869017	0	0	10731	/loans/1/edit
1	1	0	0	0	25868926	0	0	25868926	0	0	8997	/employees/52/edit
1	2	0	0	0	25868946	0	0	25868945	0	0	16524	/employee-deductions/74/edit
1	3	0	0	0	25945085	0	0	25898905	0	0	24001	/payroll/0?all=true&main=Branches
1	46	0	0	0	25949525	0	0	25858708	0	0	4575	/admin/layout4/css/custom.css
1	1	0	0	0	25868927	0	0	25868927	0	0	8999	/employees/55/edit
1	1	0	0	0	25868946	0	0	25868946	0	0	8267	/employee-deductions/77/edit
1	1	0	0	0	25868929	0	0	25868929	0	0	8997	/employees/58/edit
1	1	0	0	0	25886076	0	0	25886076	0	0	8842	/employees/62/edit
1	0	0	1	0	0	25869027	0	0	25869027	0	0	/delete-payroll?date=2019-02-28
1	1	0	0	0	25876144	0	0	25876144	0	0	8329	/advances/50/edit
1	1	0	0	0	25968691	0	0	25968691	0	0	24	/robots.txt?54.36.148.255
1	1	0	0	0	25949555	0	0	25949555	0	0	8844	/employees/65/edit
1	38	0	0	0	25949525	0	0	25858708	0	0	9979	/css/style.css
1	2	0	1	0	25868989	25868998	0	25868989	25868998	0	18979	/deductions/7
1	2	0	1	0	25868911	25868987	0	25868910	25868987	0	18985	/deductions/6
1	4	0	1	0	25868986	25868987	0	25868904	25868987	0	38598	/deductions/5
1	0	0	1	0	0	25945082	0	0	25945082	0	0	/payroll/999
1	1	0	0	0	25873224	0	0	25873224	0	0	8355	/employee-deductions/91/edit
1	5	0	0	0	25928050	0	0	25876016	0	0	41495	/advances/56/edit
1	2	0	0	0	25873221	0	0	25873220	0	0	31694	/deductions/3
1	1	0	0	0	25873211	0	0	25873211	0	0	9078	/employee-payment-methods/57/edit
1	0	0	1	0	0	25945082	0	0	25945082	0	0	/payroll/998
1	1	0	0	0	25949534	0	0	25949534	0	0	8179	/payroll/1270
1	22	0	0	0	25873220	0	0	25868889	0	0	316180	/deductions/2
1	0	0	1	0	0	25945082	0	0	25945082	0	0	/payroll/997
1	32	0	0	0	25949487	0	0	25873221	0	0	539305	/deductions/1
1	0	0	1	0	0	25945081	0	0	25945081	0	0	/payroll/996
1	0	0	5	0	0	25928048	0	0	25883367	0	0	/contracts?209.17.96.58
1	0	0	1	0	0	25945081	0	0	25945081	0	0	/payroll/995
1	0	0	1	0	0	25945081	0	0	25945081	0	0	/payroll/994
1	0	0	1	0	0	25945081	0	0	25945081	0	0	/payroll/993
1	0	0	1	0	0	25945081	0	0	25945081	0	0	/payroll/992
1	0	0	1	0	0	25945081	0	0	25945081	0	0	/payroll/991
1	0	0	1	0	0	25945081	0	0	25945081	0	0	/payroll/989
1	0	0	1	0	0	25945081	0	0	25945081	0	0	/payroll/990
1	0	0	1	0	0	25945081	0	0	25945081	0	0	/payroll/988
1	0	0	1	0	0	25945081	0	0	25945081	0	0	/payroll/987
1	0	0	2	0	0	25893486	0	0	25889145	0	0	/contracts?209.17.96.50
1	1	0	0	0	25949360	0	0	25949360	0	0	8176	/payroll/979
1	23	0	0	0	25963744	0	0	25858708	0	0	20700	/admin/pages/css/login3.css
1	3	0	0	0	25868988	0	0	25868902	0	0	31310	/deductions/create
1	1	0	0	0	25898909	0	0	25898909	0	0	3549	/_debugbar/open?op=get&id=6e8f78fe97540fb1a45c9c5ba8b4dd35
1	708	0	0	0	25963734	0	0	25858707	0	0	1493251	/plugins/simple-line-icons/simple-line-icons.min.css
1	1	0	0	0	25868949	0	0	25868949	0	0	8290	/employee-deductions/101/edit
1	2	0	0	0	25935020	0	0	25935018	0	0	144	/template
1	27	0	0	0	25949454	0	0	25858708	0	0	7210	/plugins/bootstrap-toastr/toastr.min.js
1	51	0	0	0	25955271	0	0	25928052	0	0	482312	/advances/04-2019
1	1	0	0	0	25868949	0	0	25868949	0	0	8256	/employee-deductions/104/edit
1	1	0	0	0	25949491	0	0	25949491	0	0	8170	/payroll/1219
1	1	0	0	0	25868950	0	0	25868950	0	0	8273	/employee-deductions/107/edit
1	92	0	0	0	25949454	0	0	25858708	0	0	44925	/admin/pages/css/tasks.css
1	29	0	0	0	25949525	0	0	25858708	0	0	128107	/plugins/select2/select2.min.js
1	2	0	0	0	25949360	0	0	25949358	0	0	16325	/payroll/1193
1	6	0	0	0	25949454	0	0	25949450	0	0	49160	/payroll/1201
1	6	0	0	0	25949525	0	0	25858708	0	0	8568	/admin/pages/scripts/login.js
1	3	0	0	0	25872982	0	0	25858726	0	0	24950	/coinage/create
1	6	0	0	0	25935042	0	0	25868931	0	0	56032	/policies
1	3	0	0	0	25876151	0	0	25872971	0	0	24615	/grades
1	18	0	0	0	25936789	0	0	25858711	0	0	168816	/tax?type=p9
1	0	0	2	0	0	25961011	0	0	25954485	0	0	/?209.17.97.106
1	0	0	1	0	0	25876161	0	0	25876161	0	0	/finalize-payroll?date=2019-02-28
1	1	0	0	0	25935012	0	0	25935012	0	0	33368	/payroll-pdf/522
1	1	0	0	0	25898909	0	0	25898909	0	0	3533	/_debugbar/open?op=get&id=00d3b7270e1de4d65775bb623a8e6f5b
1	0	0	1	0	0	25949557	0	0	25949557	0	0	/contracts/72
1	0	0	1	0	0	25949559	0	0	25949559	0	0	/contracts/71
1	0	0	1	0	0	25949558	0	0	25949558	0	0	/contracts/69
1	2	0	1	0	25949560	25949560	0	25949560	25949560	0	16254	/contracts/70
1	84	0	0	0	25948018	0	0	25858712	0	0	1016289	/employees/create
1	0	0	1	0	0	25949559	0	0	25949559	0	0	/contracts/68
1	23	0	0	0	25950947	0	0	25945100	0	0	258763	/payroll/0?sub=4-2019
1	0	0	1	0	0	25949559	0	0	25949559	0	0	/contracts/67
1	1	0	1	0	25949560	25949557	0	25949560	25949557	0	8141	/contracts/66
1	0	0	1	0	0	25949556	0	0	25949556	0	0	/contracts/65
1	0	0	1	0	0	25949565	0	0	25949565	0	0	/contracts/64
1	1	0	0	0	25877677	0	0	25877677	0	0	8138	/contracts/63
1	0	0	1	0	0	25935062	0	0	25935062	0	0	/contracts/62
1	1	0	2	0	25876158	25935061	0	25876158	25876158	0	8152	/contracts/61
1	0	0	1	0	0	25949521	0	0	25949521	0	0	/contracts/60
1	0	0	1	0	0	25935059	0	0	25935059	0	0	/contracts/57
1	7	0	3	0	25898913	25873133	0	25872965	25872969	0	56717	/profile
1	1	0	1	0	25876157	25876157	0	25876157	25876157	0	8130	/contracts/51
1	1	0	0	0	25876162	0	0	25876162	0	0	8149	/contracts/49
1	3	0	2	19	25936770	25936759	25936786	25873214	25868899	25873243	145066	/tax/p9
1	0	0	1	0	0	25948216	0	0	25948216	0	0	/payroll/1099
1	1	0	0	0	25872965	0	0	25872965	0	0	3703	/_debugbar/open?op=get&id=68038a87b17e38ff1ca4d92ad660cbe3
1	1	0	1	0	25876132	25876155	0	25876132	25876155	0	8156	/contracts/48
1	0	0	1	0	0	25948216	0	0	25948216	0	0	/payroll/1098
1	0	0	1	0	0	25948216	0	0	25948216	0	0	/payroll/1097
1	0	0	1	0	0	25948216	0	0	25948216	0	0	/payroll/1096
1	0	0	1	0	0	25948215	0	0	25948215	0	0	/payroll/1095
1	0	0	1	0	0	25948216	0	0	25948216	0	0	/payroll/1105
1	1	0	1	0	25876156	25949523	0	25876156	25949523	0	8140	/contracts/44
1	0	0	1	0	0	25948215	0	0	25948215	0	0	/payroll/1094
1	0	0	1	0	0	25948216	0	0	25948216	0	0	/payroll/1104
1	27	0	0	0	25949454	0	0	25858708	0	0	7870	/js/scripts.js
1	0	0	1	0	0	25948215	0	0	25948215	0	0	/payroll/1093
1	0	0	1	0	0	25948216	0	0	25948216	0	0	/payroll/1103
1	0	0	1	0	0	25948215	0	0	25948215	0	0	/payroll/1092
1	0	0	1	0	0	25948216	0	0	25948216	0	0	/payroll/1102
1	0	0	1	0	0	25949522	0	0	25949522	0	0	/contracts/42
1	1	0	0	0	25935154	0	0	25935154	0	0	71508	/plugins/font-awesome/fonts/fontawesome-webfont.woff?v=4.3.0
1	0	0	1	0	0	25948215	0	0	25948215	0	0	/payroll/1091
1	0	0	1	0	0	25948216	0	0	25948216	0	0	/payroll/1101
1	0	0	1	0	0	25948215	0	0	25948215	0	0	/payroll/1089
1	0	0	1	0	0	25948215	0	0	25948215	0	0	/payroll/1090
1	0	0	1	0	0	25948216	0	0	25948216	0	0	/payroll/1100
1	0	0	1	0	0	25948215	0	0	25948215	0	0	/payroll/1088
1	0	0	1	0	0	25948215	0	0	25948215	0	0	/payroll/1087
1	0	0	1	0	0	25948214	0	0	25948214	0	0	/payroll/1086
1	0	0	1	0	0	25948214	0	0	25948214	0	0	/payroll/1085
1	764	0	0	0	25963737	0	0	25858708	0	0	883570	/plugins/bootstrap-modal/css/bootstrap-modal.css
1	0	0	1	0	0	25948214	0	0	25948214	0	0	/payroll/1084
1	0	0	1	0	0	25948214	0	0	25948214	0	0	/payroll/1083
1	29	0	0	0	25949525	0	0	25858708	0	0	68215	/plugins/bootstrap/js/bootstrap.min.js
1	1	0	0	0	25858830	0	0	25858830	0	0	9864	/contracts/17/edit
1	0	0	1	0	0	25948214	0	0	25948214	0	0	/payroll/1082
1	0	0	1	0	0	25949519	0	0	25949519	0	0	/contracts/31
1	0	0	3	0	0	25949534	0	0	25949531	0	0	/contracts/29
1	1	0	0	0	25898912	0	0	25898912	0	0	9920	/contracts/21/edit
1	1	0	3	0	25866110	25949538	0	25866110	25935048	0	8297	/contracts/25
1	2	0	1	0	25898912	25898911	0	25877675	25898911	0	16281	/contracts/24
1	1	0	0	0	25877676	0	0	25877676	0	0	8122	/contracts/23
1	3	0	0	0	25943608	0	0	25939534	0	0	14241	/login?209.17.97.106
1	2	0	0	0	25898911	0	0	25877675	0	0	16305	/contracts/22
1	29	0	0	0	25949525	0	0	25858708	0	0	21245	/plugins/uniform/jquery.uniform.min.js
1	2	0	1	0	25898912	25898912	0	25877676	25898912	0	16230	/contracts/21
1	1	0	0	0	25898911	0	0	25898911	0	0	9919	/contracts/24/edit
1	1	0	0	0	25877676	0	0	25877676	0	0	8122	/contracts/20
1	1	0	0	0	25877676	0	0	25877676	0	0	8133	/contracts/19
1	1	0	0	0	25877677	0	0	25877677	0	0	8126	/contracts/18
1	2	0	1	0	25877677	25858831	0	25858830	25858831	0	16248	/contracts/17
1	1	0	0	0	25873229	0	0	25873229	0	0	8369	/employee-deductions/187/edit
1	4	0	0	0	25860168	0	0	25858719	0	0	35283	/employees/3/edit
1	1	0	0	0	25949519	0	0	25949519	0	0	9920	/contracts/31/edit
1	1	0	0	0	25936718	0	0	25936718	0	0	32679	/payroll-pdf/437
1	2	0	0	0	25858857	0	0	25858720	0	0	17674	/employees/6/edit
1	1	0	0	0	25935020	0	0	25935020	0	0	3575	/_debugbar/open?op=get&id=8f0750cd886ef7d92a39cfd19a7e925a
1	7	0	0	0	25949525	0	0	25858708	0	0	14406	/plugins/respond.min.js
1	11	0	0	0	25963737	0	0	25898905	0	0	153173	/payroll/0?main=Branches
1	1	0	0	0	25873227	0	0	25873227	0	0	9067	/employees/9/edit
1	347	0	155	0	25961012	25950950	0	25858710	25858769	0	3245727	/advances
1	27	0	0	0	25949454	0	0	25858708	0	0	318355	/plugins/jquery-ui/jquery-ui.min.js
1	49	0	0	0	25949525	0	0	25858708	0	0	68628	/admin/layout4/css/themes/default.css
1	3	0	0	0	25898895	0	0	25872970	0	0	24762	/shifts
1	2	0	0	0	25949522	0	0	25876156	0	0	19815	/contracts/44/edit
1	72	0	0	0	25963737	0	0	25858711	0	0	584748	/payroll-report
1	1	0	0	0	25876153	0	0	25876153	0	0	8177	/payment-structures/1/edit
1	0	0	1	0	0	25948110	0	0	25948110	0	0	/payroll/1034
1	0	0	1	0	0	25948112	0	0	25948112	0	0	/payroll/1033
1	0	0	1	0	0	25948111	0	0	25948111	0	0	/payroll/1032
1	188	0	0	0	25950950	0	0	25858723	0	0	1746126	/advances/create
1	0	0	1	0	0	25948111	0	0	25948111	0	0	/payroll/1031
1	9	0	0	0	25945085	0	0	25858709	0	0	71793	/payroll/0?all=true
1	0	0	1	0	0	25948111	0	0	25948111	0	0	/payroll/1030
1	0	0	1	0	0	25948111	0	0	25948111	0	0	/payroll/1029
1	0	0	1	0	0	25948111	0	0	25948111	0	0	/payroll/1028
1	0	0	1	0	0	25948110	0	0	25948110	0	0	/payroll/1027
1	0	0	1	0	0	25948110	0	0	25948110	0	0	/payroll/1026
1	1	0	0	0	25876157	0	0	25876157	0	0	9908	/contracts/51/edit
1	0	0	1	0	0	25948110	0	0	25948110	0	0	/payroll/1025
1	0	0	1	0	0	25948110	0	0	25948110	0	0	/payroll/1024
1	0	0	1	0	0	25948109	0	0	25948109	0	0	/payroll/1023
1	0	0	1	0	0	25948109	0	0	25948109	0	0	/payroll/1022
1	0	0	1	0	0	25948109	0	0	25948109	0	0	/payroll/1021
1	0	0	1	0	0	25948109	0	0	25948109	0	0	/payroll/1020
1	0	0	1	0	0	25948109	0	0	25948109	0	0	/payroll/1019
1	1	0	0	0	25949514	0	0	25949514	0	0	10815	/loans/22/edit
1	0	0	1	0	0	25948109	0	0	25948109	0	0	/payroll/1018
1	0	0	1	0	0	25948109	0	0	25948109	0	0	/payroll/1017
1	0	0	1	0	0	25948109	0	0	25948109	0	0	/payroll/1016
1	0	0	1	0	0	25948109	0	0	25948109	0	0	/payroll/1015
1	1	0	0	0	25935059	0	0	25935059	0	0	9891	/contracts/57/edit
1	0	0	1	0	0	25948108	0	0	25948108	0	0	/payroll/1014
1	0	0	1	0	0	25948108	0	0	25948108	0	0	/payroll/1013
1	1	0	0	0	25873341	0	0	25873341	0	0	33293	/payroll-pdf/383
1	1	0	0	0	25935104	0	0	25935104	0	0	8168	/payroll/742
1	0	0	1	0	0	25948108	0	0	25948108	0	0	/payroll/1012
1	1	0	0	0	25873340	0	0	25873340	0	0	33311	/payroll-pdf/382
1	0	0	1	0	0	25948108	0	0	25948108	0	0	/payroll/1011
1	1	0	0	0	25873341	0	0	25873341	0	0	33264	/payroll-pdf/381
1	3	0	0	0	25935060	0	0	25876158	0	0	29770	/contracts/61/edit
1	0	0	1	0	0	25945080	0	0	25945080	0	0	/payroll/1010
1	0	0	1	0	0	25945084	0	0	25945084	0	0	/payroll/1009
1	0	0	1	0	0	25945084	0	0	25945084	0	0	/payroll/1008
1	0	0	1	0	0	25945084	0	0	25945084	0	0	/payroll/1007
1	5	0	0	4	25935148	0	25935140	25935103	0	25935139	40897	/payroll/735
1	0	0	1	0	0	25945084	0	0	25945084	0	0	/payroll/1006
1	0	0	1	0	0	25945082	0	0	25945082	0	0	/payroll/1005
1	0	0	1	0	0	25945082	0	0	25945082	0	0	/payroll/1004
1	1	0	0	0	25949565	0	0	25949565	0	0	9901	/contracts/64/edit
1	0	0	1	0	0	25945082	0	0	25945082	0	0	/payroll/1003
1	0	0	1	0	0	25945082	0	0	25945082	0	0	/payroll/1002
1	10	0	0	0	25949543	0	0	25860121	0	0	98084	/assignments
1	0	0	1	0	0	25945082	0	0	25945082	0	0	/payroll/1001
1	1	0	0	0	25936713	0	0	25936713	0	0	8321	/advances/136/edit
1	0	0	1	0	0	25945082	0	0	25945082	0	0	/payroll/1000
1	1	0	0	0	25949558	0	0	25949558	0	0	9937	/contracts/67/edit
1	1	0	0	0	25858725	0	0	25858725	0	0	8156	/employee-types/1/edit
1	1	0	0	0	25949559	0	0	25949559	0	0	9893	/contracts/71/edit
1	72	72	20	0	25963731	25969607	0	25858708	25857185	0	671098	/
1	27	0	0	0	25949454	0	0	25858708	0	0	7330	/admin/layout4/scripts/quick-sidebar.js
1	45	0	0	0	25949525	0	0	25858708	0	0	225342	/admin/layout4/css/layout.css
1	4	0	0	0	25860145	0	0	25860106	0	0	39649	/contracts/7/edit
1	1	0	0	0	25936639	0	0	25936639	0	0	8325	/advances/149/edit
1	1	0	0	0	25872983	0	0	25872983	0	0	8512	/advances/3/edit
1	1	0	0	0	25866109	0	0	25866109	0	0	9149	/contracts?195.154.61.206
1	1	0	0	0	25909390	0	0	25909390	0	0	8278	/advances/6/edit
1	1	0	0	0	25949569	0	0	25949569	0	0	31794	/payroll-pdf/1562
1	1	0	0	0	25886073	0	0	25886073	0	0	8841	/employees/16/edit
1	1	0	0	0	25872953	0	0	25872953	0	0	9052	/employees/20/edit
1	4	0	0	0	25898895	0	0	25872971	0	0	33081	/work-plans
1	84	0	23	0	25961012	25949515	0	25860120	25869017	0	735688	/loans
1	1	0	0	0	25872956	0	0	25872956	0	0	9080	/employees/23/edit
1	24	0	0	0	25950949	0	0	25858732	0	0	42527	/plugins/select2/select2-spinner.gif
1	1	0	0	0	25950946	0	0	25950946	0	0	31965	/payroll-pdf/1538
1	1	0	0	0	25936715	0	0	25936715	0	0	8300	/advances/169/edit
1	2	0	0	0	25868897	0	0	25867458	0	0	18001	/employees/26/edit
1	2	0	0	0	25868897	0	0	25867458	0	0	17970	/employees/29/edit
1	0	0	11	0	0	25936720	0	0	25868941	0	0	/delete-payroll?date=2019-03-31
1	1	0	0	0	25868898	0	0	25868898	0	0	8986	/employees/30/edit
3	5	0	0	0	25949508	0	0	25949491	0	0	63823	https://ssdhillon.cloudwage.com/payroll/1219
3	4	0	0	0	25945329	0	0	25945329	0	0	19592	https://ssdhillon.cloudwage.com/employees/69/edit
3	3	0	0	0	25873342	0	0	25873341	0	0	152669	https://ssdhillon.cloudwage.com/payroll/383
3	3	0	0	0	25949360	0	0	25949358	0	0	55222	https://ssdhillon.cloudwage.com/payroll/1193
3	1	0	0	0	25873340	0	0	25873340	0	0	33311	https://ssdhillon.cloudwage.com/payroll/382
3	2	0	0	0	25873341	0	0	25873341	0	0	34450	https://ssdhillon.cloudwage.com/payroll/381
3	10	0	0	0	25876151	0	0	25872971	0	0	61849	https://ssdhillon.cloudwage.com/grades
3	251	0	0	0	25949460	0	0	25949450	0	0	2781655	https://ssdhillon.cloudwage.com/payroll/1201
3	1000	1	234	0	25963737	25950965	0	25858709	25868989	0	12328483	https://ssdhillon.cloudwage.com/payroll
3	1	0	1	0	25873221	25873221	0	25873221	25873221	0	16544	https://ssdhillon.cloudwage.com/employee-deductions/60/edit
3	1	0	1	0	25873220	25873220	0	25873220	25873220	0	17194	https://ssdhillon.cloudwage.com/employee-deductions/59/edit
3	1	0	1	0	25949514	25949514	0	25949514	25949514	0	9568	https://ssdhillon.cloudwage.com/loans/22/edit
3	1	0	1	0	25928054	25928054	0	25928054	25928054	0	9879	https://ssdhillon.cloudwage.com/advances/118/edit
3	110	0	0	0	25963737	0	0	25858708	0	0	28600	https://ssdhillon.cloudwage.com/css/plugins.css
3	1	0	0	0	25936466	0	0	25936466	0	0	9453	https://ssdhillon.cloudwage.com/users
3	1	1	0	0	25876144	0	0	25876144	0	0	8452	https://ssdhillon.cloudwage.com/advances/50/edit
3	753	0	1	0	25961012	25919451	0	25858710	25919451	0	7431139	https://ssdhillon.cloudwage.com/advances
3	1	0	0	0	25876153	0	0	25876153	0	0	11418	https://ssdhillon.cloudwage.com/payment-structures/1/edit
3	2	0	0	0	25949361	0	0	25949360	0	0	41036	https://ssdhillon.cloudwage.com/payroll/979
3	2	0	1	0	25949521	25949521	0	25949521	25949521	0	16169	https://ssdhillon.cloudwage.com/contracts/60/edit
3	101	0	23	0	25949515	25949515	0	25860173	25869017	0	765214	https://ssdhillon.cloudwage.com/loans/create
3	8	0	3	0	25928051	25928051	0	25876016	25876017	0	54378	https://ssdhillon.cloudwage.com/advances/56/edit
3	2	0	0	0	25860140	0	0	25860140	0	0	9433	https://ssdhillon.cloudwage.com/employees/4/edit
3	3	0	1	0	25949557	25949557	0	25949557	25949557	0	14945	https://ssdhillon.cloudwage.com/contracts/66/edit
3	4	0	2	0	25886073	25886073	0	25858762	25858763	0	30743	https://ssdhillon.cloudwage.com/employees/7/edit
3	2	0	1	0	25868946	25868946	0	25868946	25868946	0	125181	https://ssdhillon.cloudwage.com/employee-deductions/83/edit
3	1	0	1	0	25949558	25949558	0	25949558	25949558	0	13326	https://ssdhillon.cloudwage.com/contracts/69/edit
3	2	0	1	0	25949560	25949560	0	25949560	25949560	0	13729	https://ssdhillon.cloudwage.com/contracts/70/edit
3	2	0	1	0	25868947	25868947	0	25868946	25868947	0	15653	https://ssdhillon.cloudwage.com/employee-deductions/86/edit
3	522	0	155	0	25950950	25950950	0	25858723	25858769	0	4782705	https://ssdhillon.cloudwage.com/advances/create
3	6	0	0	0	25936665	0	0	25936662	0	0	425278	https://ssdhillon.cloudwage.com/payroll/0?all=true&sub=3-2019
3	28	0	0	0	25876153	0	0	25858735	0	0	184109	https://ssdhillon.cloudwage.com/payment-structures
3	3	0	1	0	25868947	25868947	0	25868947	25868947	0	23205	https://ssdhillon.cloudwage.com/employee-deductions/89/edit
3	2	0	0	0	25949560	0	0	25949560	0	0	21780	https://ssdhillon.cloudwage.com/contracts/70
3	5	0	0	2	25936767	0	25936777	25873243	0	25936770	553735	https://ssdhillon.cloudwage.com/tax/p9
3	1	0	0	0	25949560	0	0	25949560	0	0	16087	https://ssdhillon.cloudwage.com/contracts/66
3	1	0	0	0	25877677	0	0	25877677	0	0	11383	https://ssdhillon.cloudwage.com/contracts/63
3	12	0	1	0	25909392	25909392	0	25909373	25909392	0	58640	https://ssdhillon.cloudwage.com/advances/2019
3	4	0	0	0	25876158	0	0	25876158	0	0	17922	https://ssdhillon.cloudwage.com/contracts/61
3	4	0	0	0	25876157	0	0	25876157	0	0	37395	https://ssdhillon.cloudwage.com/contracts/51
3	1	0	0	0	25876162	0	0	25876162	0	0	5443	https://ssdhillon.cloudwage.com/contracts/49
3	4	0	0	0	25868992	0	0	25868991	0	0	14260	https://ssdhillon.cloudwage.com/deductions/7/edit
3	4	0	0	0	25876132	0	0	25876132	0	0	22414	https://ssdhillon.cloudwage.com/contracts/48
3	33	0	2	0	25936718	25876161	0	25858863	25869027	0	308432	https://ssdhillon.cloudwage.com/payroll/0?sub=2-2019
3	113	0	35	0	25955271	25950953	0	25928052	25935024	0	933292	https://ssdhillon.cloudwage.com/advances/04-2019
3	5	0	0	0	25876157	0	0	25876156	0	0	28996	https://ssdhillon.cloudwage.com/contracts/44
3	4	0	1	0	25872955	25872955	0	25872955	25872955	0	41241	https://ssdhillon.cloudwage.com/employees/22/edit
3	13	0	4	0	25868896	25868896	0	25867457	25867457	0	115920	https://ssdhillon.cloudwage.com/employees/25/edit
3	2	0	1	0	25869006	25869006	0	25869005	25869006	0	11436	https://ssdhillon.cloudwage.com/policies/1/edit
3	190	0	2	19	25936789	25936759	25936786	25858711	25868899	25873243	1114574	https://ssdhillon.cloudwage.com/tax?type=p9
3	4	0	1	0	25868932	25868932	0	25868932	25868932	0	21785	https://ssdhillon.cloudwage.com/policies/4/edit
3	11	0	3	0	25868888	25868888	0	25858722	25858731	0	66006	https://ssdhillon.cloudwage.com/contracts/2/edit
3	4	0	0	0	25898912	0	0	25877675	0	0	138962	https://ssdhillon.cloudwage.com/contracts/24
3	4	0	0	0	25877676	0	0	25877676	0	0	22049	https://ssdhillon.cloudwage.com/contracts/23
3	2	0	0	0	25872983	0	0	25872983	0	0	12810	https://ssdhillon.cloudwage.com/advances/3/edit
3	2	0	1	0	25868898	25868898	0	25868898	25868898	0	18927	https://ssdhillon.cloudwage.com/employees/32/edit
3	4	0	0	0	25898911	0	0	25877675	0	0	138963	https://ssdhillon.cloudwage.com/contracts/22
3	2	0	0	0	25898912	0	0	25877676	0	0	21318	https://ssdhillon.cloudwage.com/contracts/21
3	1	0	0	0	25877676	0	0	25877676	0	0	11398	https://ssdhillon.cloudwage.com/contracts/20
3	1	0	0	0	25877677	0	0	25877677	0	0	11406	https://ssdhillon.cloudwage.com/contracts/19
3	1	0	0	0	25877677	0	0	25877677	0	0	11386	https://ssdhillon.cloudwage.com/contracts/18
3	6	0	0	0	25877678	0	0	25858830	0	0	145031	https://ssdhillon.cloudwage.com/contracts/17
3	128	0	1	0	25949365	25945203	0	25869017	25945203	0	636310	https://ssdhillon.cloudwage.com/loans/03-2019
3	4	0	1	0	25868914	25868914	0	25868914	25868914	0	22636	https://ssdhillon.cloudwage.com/employees/35/edit
3	4	0	0	0	25909390	0	0	25909390	0	0	22986	https://ssdhillon.cloudwage.com/advances/6/edit
3	4	0	1	0	25868921	25868921	0	25868920	25868921	0	22726	https://ssdhillon.cloudwage.com/employees/38/edit
3	4	0	0	0	25898896	0	0	25873107	0	0	30660	https://ssdhillon.cloudwage.com/shifts
3	5	0	0	0	25945165	0	0	25898909	0	0	19011	https://ssdhillon.cloudwage.com/departments
3	4	0	1	0	25868922	25868922	0	25868922	25868922	0	18587	https://ssdhillon.cloudwage.com/employees/42/edit
3	1	0	1	0	25868923	25868923	0	25868923	25868923	0	13532	https://ssdhillon.cloudwage.com/employees/45/edit
3	5	0	0	0	25873242	0	0	25873241	0	0	53573	https://ssdhillon.cloudwage.com/payroll/238
3	4	0	0	0	25873222	0	0	25868889	0	0	442988	https://ssdhillon.cloudwage.com/employee-deductions
3	2	0	1	0	25868924	25868924	0	25868924	25868924	0	124325	https://ssdhillon.cloudwage.com/employees/48/edit
3	2	0	1	0	25868926	25868926	0	25868926	25868926	0	19006	https://ssdhillon.cloudwage.com/employees/52/edit
3	3	0	0	0	25898910	0	0	25898909	0	0	16008	https://ssdhillon.cloudwage.com/departments/1?type=branch
3	5	0	0	1	25868911	0	25868911	25868911	0	25868911	35091	https://ssdhillon.cloudwage.com/employee-deductions/176/edit
3	4	0	1	0	25868927	25868927	0	25868927	25868927	0	22682	https://ssdhillon.cloudwage.com/employees/55/edit
3	3	0	1	0	25868929	25868929	0	25868929	25868929	0	17165	https://ssdhillon.cloudwage.com/employees/58/edit
3	1	0	1	0	25886077	25886077	0	25886077	25886077	0	13599	https://ssdhillon.cloudwage.com/employees/62/edit
3	31	0	0	2	25936629	0	25936629	25872959	0	25936472	308545	https://ssdhillon.cloudwage.com/eft
3	10	0	0	0	25936789	0	0	25936629	0	0	313793	https://ssdhillon.cloudwage.com/tax?type=p10b
3	6	0	0	0	25873239	0	0	25873218	0	0	230287	https://ssdhillon.cloudwage.com/tax?type=p10a
3	11	0	3	0	25949538	25949538	0	25935048	25935048	0	78056	https://ssdhillon.cloudwage.com/contracts/25/edit
3	2	0	0	0	25858738	0	0	25858737	0	0	14213	https://ssdhillon.cloudwage.com/payment-structures/create
3	1	0	0	0	25949556	0	0	25949556	0	0	11888	https://ssdhillon.cloudwage.com/employees/65/edit
3	194	0	71	0	25948023	25948023	0	25858712	25858753	0	1687434	https://ssdhillon.cloudwage.com/employees/create
3	1	0	0	0	25948213	0	0	25948213	0	0	8319	https://ssdhillon.cloudwage.com/loans/details/14
3	2	0	0	0	25876153	0	0	25876153	0	0	13511	https://ssdhillon.cloudwage.com/payment-structures/1
3	1	0	0	0	25876194	0	0	25876194	0	0	11061	https://ssdhillon.cloudwage.com/payment-methods/3/edit
3	2	0	1	0	25949522	25949522	0	25949522	25949522	0	18838	https://ssdhillon.cloudwage.com/contracts/42/edit
3	2	0	0	1	25873223	0	25873222	25873222	0	25873222	9821	https://ssdhillon.cloudwage.com/employee-deductions/58/edit
3	8	0	0	0	25872982	0	0	25858726	0	0	35927	https://ssdhillon.cloudwage.com/coinage/create
3	4	0	1	0	25876155	25876155	0	25876155	25876155	0	131234	https://ssdhillon.cloudwage.com/contracts/48/edit
3	56	5	4	0	25945046	25919442	0	25858769	25858770	0	547133	https://ssdhillon.cloudwage.com/advances-bulk
3	1	0	1	0	25928055	25928055	0	25928055	25928055	0	9878	https://ssdhillon.cloudwage.com/advances/121/edit
3	13	0	3	0	25868989	25868989	0	25868902	25868904	0	193316	https://ssdhillon.cloudwage.com/deductions/create
3	1	0	0	1	25868890	0	25868889	25868890	0	25868889	9071	https://ssdhillon.cloudwage.com/employee-deductions/68/edit
3	2	0	0	0	25869029	0	0	25869028	0	0	45243	https://ssdhillon.cloudwage.com/payroll/147
3	3	0	0	0	25869002	0	0	25868998	0	0	42003	https://ssdhillon.cloudwage.com/payroll/139
3	5	0	0	0	25868994	0	0	25868993	0	0	52937	https://ssdhillon.cloudwage.com/payroll/138
3	1	0	1	0	25935062	25935062	0	25935062	25935062	0	12865	https://ssdhillon.cloudwage.com/contracts/62/edit
3	12	2	0	0	25860169	0	0	25858720	0	0	56362	https://ssdhillon.cloudwage.com/employees/3/edit
3	6	0	1	0	25936639	25936639	0	25936631	25936639	0	45609	https://ssdhillon.cloudwage.com/advances/134/edit
3	1	0	1	0	25949556	25949556	0	25949556	25949556	0	13367	https://ssdhillon.cloudwage.com/contracts/65/edit
3	7	0	0	0	25858857	0	0	25858720	0	0	25723	https://ssdhillon.cloudwage.com/employees/6/edit
3	1	0	1	0	25949559	25949559	0	25949559	25949559	0	13310	https://ssdhillon.cloudwage.com/contracts/68/edit
3	1	0	0	0	25876144	0	0	25876144	0	0	8417	https://ssdhillon.cloudwage.com/advances/62/edit
3	1	0	1	0	25873227	25873227	0	25873227	25873227	0	13752	https://ssdhillon.cloudwage.com/employees/9/edit
3	2	0	0	0	25949569	0	0	25949569	0	0	39930	https://ssdhillon.cloudwage.com/payroll/1562
3	1	0	1	0	25949557	25949557	0	25949557	25949557	0	13323	https://ssdhillon.cloudwage.com/contracts/72/edit
3	247	0	0	0	25963732	0	0	25858709	0	0	277935	https://ssdhillon.cloudwage.com/plugins/datatables/plugins/bootstrap/dataTables.bootstrap.css
3	8	0	0	0	25872990	0	0	25858725	0	0	44556	https://ssdhillon.cloudwage.com/employee-types
3	32	1	0	0	25963737	0	0	25898905	0	0	205204	https://ssdhillon.cloudwage.com/payroll/0?main=Branches
3	6	0	0	0	25860108	0	0	25860108	0	0	38548	https://ssdhillon.cloudwage.com/contracts/8
3	5	0	0	0	25935107	0	0	25935104	0	0	47985	https://ssdhillon.cloudwage.com/payroll/742
3	1	0	0	0	25858726	0	0	25858726	0	0	8159	https://ssdhillon.cloudwage.com/employee-types/1/edit
3	6	0	0	0	25877675	0	0	25860108	0	0	58953	https://ssdhillon.cloudwage.com/contracts/7
3	2	0	0	0	25858723	0	0	25858723	0	0	13506	https://ssdhillon.cloudwage.com/contracts/6
3	1	0	1	0	25868948	25868948	0	25868948	25868948	0	14496	https://ssdhillon.cloudwage.com/employee-deductions/92/edit
3	16	0	0	0	25858731	0	0	25858721	0	0	74091	https://ssdhillon.cloudwage.com/contracts/5
3	1	0	0	0	25860168	0	0	25860168	0	0	9313	https://ssdhillon.cloudwage.com/grades/1/edit
3	22	0	0	0	25868888	0	0	25858722	0	0	127977	https://ssdhillon.cloudwage.com/contracts/2
3	166	0	0	1	25935154	0	25935153	25935103	0	25935153	1878641	https://ssdhillon.cloudwage.com/payroll/735
3	4	0	1	0	25868948	25868948	0	25868948	25868948	0	23569	https://ssdhillon.cloudwage.com/employee-deductions/95/edit
3	33	0	0	0	25949544	0	0	25860121	0	0	218324	https://ssdhillon.cloudwage.com/assignments
3	4	0	1	0	25868948	25868948	0	25868948	25868948	0	23547	https://ssdhillon.cloudwage.com/employee-deductions/98/edit
3	2	0	0	0	25868983	0	0	25868983	0	0	45016	https://ssdhillon.cloudwage.com/payroll/101
3	2	0	0	0	25950946	0	0	25950946	0	0	42810	https://ssdhillon.cloudwage.com/payroll/1538
3	2	0	1	0	25876019	25876019	0	25876019	25876019	0	120574	https://ssdhillon.cloudwage.com/advances/82/edit
3	334	0	20	0	25943610	25936720	0	25869004	25869030	0	2777803	https://ssdhillon.cloudwage.com/advances/03-2019
3	7	1	1	0	25886075	25886075	0	25858829	25886075	0	141932	https://ssdhillon.cloudwage.com/employees/17/edit
3	2	0	0	0	25943609	0	0	25943609	0	0	13651	https://ssdhillon.cloudwage.com/advances/85/edit
3	36	0	7	0	25950947	25949568	0	25945100	25949354	0	443424	https://ssdhillon.cloudwage.com/payroll/0?sub=4-2019
3	1	0	1	0	25935088	25935088	0	25935088	25935088	0	9553	https://ssdhillon.cloudwage.com/loans/2/edit
3	1	0	1	0	25872955	25872955	0	25872955	25872955	0	13781	https://ssdhillon.cloudwage.com/employees/21/edit
3	5	0	2	0	25936705	25936705	0	25936703	25936703	0	34991	https://ssdhillon.cloudwage.com/loans/5/edit
3	3	0	1	0	25872957	25872957	0	25872957	25872957	0	129931	https://ssdhillon.cloudwage.com/employees/24/edit
3	3	0	2	0	25868897	25868897	0	25867458	25867458	0	26428	https://ssdhillon.cloudwage.com/employees/27/edit
3	3	0	0	0	25873241	0	0	25873240	0	0	12834	https://ssdhillon.cloudwage.com/employees/6
3	2	0	0	0	25949568	0	0	25949568	0	0	43668	https://ssdhillon.cloudwage.com/payroll/1497
3	2	0	0	0	25936694	0	0	25936694	0	0	14316	https://ssdhillon.cloudwage.com/employees/5
3	4	0	0	0	25936694	0	0	25936694	0	0	19685	https://ssdhillon.cloudwage.com/employees/4
3	1	0	0	0	25936694	0	0	25936694	0	0	11409	https://ssdhillon.cloudwage.com/employees/3
3	12	0	0	0	25936693	0	0	25860165	0	0	84255	https://ssdhillon.cloudwage.com/employees/2
3	11	0	1	0	25876152	25868898	0	25868898	25868898	0	75335	https://ssdhillon.cloudwage.com/employees/31/edit
3	474	0	3	0	25949568	25878952	0	25858721	25877678	0	3615499	https://ssdhillon.cloudwage.com/contracts
3	23	0	0	0	25909373	0	0	25858726	0	0	138273	https://ssdhillon.cloudwage.com/payment-methods
3	7	0	0	0	25936705	0	0	25869027	0	0	53626	https://ssdhillon.cloudwage.com/loans/02-2019
3	1	0	1	0	25868913	25868913	0	25868913	25868913	0	13460	https://ssdhillon.cloudwage.com/employees/34/edit
3	12	0	2	0	25860152	25860146	0	25860106	25860107	0	88686	https://ssdhillon.cloudwage.com/contracts/7/edit
3	64	0	4	0	25949514	25949375	0	25948119	25949363	0	357545	https://ssdhillon.cloudwage.com/loans/05-2019
3	4	0	1	0	25868920	25868920	0	25868920	25868920	0	22642	https://ssdhillon.cloudwage.com/employees/37/edit
3	3	0	1	0	25868922	25868922	0	25868922	25868922	0	125659	https://ssdhillon.cloudwage.com/employees/41/edit
3	5	0	0	1	25868952	0	25868952	25868951	0	25868952	124769	https://ssdhillon.cloudwage.com/employee-deductions/17/edit
3	3	0	0	0	25945062	0	0	25945062	0	0	15895	https://ssdhillon.cloudwage.com/loans/details/7
3	4	0	1	0	25868923	25868923	0	25868923	25868923	0	126803	https://ssdhillon.cloudwage.com/employees/44/edit
3	8	0	0	0	25898895	0	0	25872971	0	0	165053	https://ssdhillon.cloudwage.com/work-plans
3	1	0	1	0	25868924	25868924	0	25868924	25868924	0	13569	https://ssdhillon.cloudwage.com/employees/47/edit
3	1	0	1	0	25868925	25868925	0	25868925	25868925	0	13528	https://ssdhillon.cloudwage.com/employees/51/edit
3	20	5	4	0	25898914	25898914	0	25872965	25872969	0	254300	https://ssdhillon.cloudwage.com/profile
3	2	0	1	0	25868927	25868927	0	25868927	25868927	0	124247	https://ssdhillon.cloudwage.com/employees/54/edit
3	2	0	1	0	25858831	25858831	0	25858830	25858831	0	15952	https://ssdhillon.cloudwage.com/contracts/17/edit
3	178	2	0	0	25963737	0	0	25858711	0	0	1371023	https://ssdhillon.cloudwage.com/payroll-report
3	4	0	1	0	25868950	25868950	0	25868949	25868950	0	126792	https://ssdhillon.cloudwage.com/employee-deductions/178/edit
3	6	0	2	0	25868928	25868928	0	25868875	25868875	0	55576	https://ssdhillon.cloudwage.com/employees/57/edit
3	3	0	1	0	25898912	25898912	0	25898912	25898912	0	20458	https://ssdhillon.cloudwage.com/contracts/21/edit
3	3	0	1	0	25886076	25886076	0	25886076	25886076	0	15157	https://ssdhillon.cloudwage.com/employees/61/edit
3	4	0	1	0	25898911	25898911	0	25898911	25898911	0	131205	https://ssdhillon.cloudwage.com/contracts/24/edit
3	60	0	3	0	25949487	25868998	0	25868888	25868987	0	825885	https://ssdhillon.cloudwage.com/deductions
3	74	0	0	0	25950949	0	0	25858711	0	0	70655	https://ssdhillon.cloudwage.com/plugins/select2/select2.css
3	3	0	1	0	25949519	25949519	0	25949519	25949519	0	129547	https://ssdhillon.cloudwage.com/contracts/31/edit
3	11	0	1	0	25963737	25963732	0	25948089	25963732	0	108603	https://ssdhillon.cloudwage.com/payroll/0?sub=4-2019&main=Branches
3	811	0	6	0	25955270	25949543	0	25858712	25866152	0	6850976	https://ssdhillon.cloudwage.com/employees
3	7	0	1	0	25949523	25949523	0	25876156	25949523	0	47099	https://ssdhillon.cloudwage.com/contracts/44/edit
3	3	0	0	0	25948217	0	0	25948217	0	0	30835	https://ssdhillon.cloudwage.com/payroll/0?main=Branches&sub=4-2019
3	7	0	1	0	25876157	25876157	0	25876157	25876157	0	49488	https://ssdhillon.cloudwage.com/contracts/51/edit
3	3	0	0	0	25872991	0	0	25860165	0	0	17060	https://ssdhillon.cloudwage.com/employee-types/1
3	4	0	1	0	25868949	25868949	0	25868949	25868949	0	129003	https://ssdhillon.cloudwage.com/employee-deductions/101/edit
3	1	0	1	0	25868945	25868945	0	25868945	25868945	0	14476	https://ssdhillon.cloudwage.com/employee-deductions/71/edit
3	25	0	0	0	25963737	0	0	25858740	0	0	763560	https://ssdhillon.cloudwage.com/plugins/uniform/css/uniform.default.css
3	1	0	1	0	25935059	25935059	0	25935059	25935059	0	12845	https://ssdhillon.cloudwage.com/contracts/57/edit
3	1	0	1	0	25868949	25868949	0	25868949	25868949	0	14449	https://ssdhillon.cloudwage.com/employee-deductions/104/edit
3	6	0	1	0	25868946	25868945	0	25868945	25868945	0	238864	https://ssdhillon.cloudwage.com/employee-deductions/74/edit
3	11	0	2	0	25935061	25935061	0	25876158	25876158	0	72094	https://ssdhillon.cloudwage.com/contracts/61/edit
3	2	0	1	0	25868950	25868950	0	25868950	25868950	0	15680	https://ssdhillon.cloudwage.com/employee-deductions/107/edit
3	1	0	1	0	25868946	25868946	0	25868946	25868946	0	14454	https://ssdhillon.cloudwage.com/employee-deductions/77/edit
3	9	0	1	0	25909377	25858857	0	25858823	25858857	0	44627	https://ssdhillon.cloudwage.com/employees/2/edit
3	2	0	1	0	25949565	25949565	0	25949565	25949565	0	20849	https://ssdhillon.cloudwage.com/contracts/64/edit
3	1	0	0	0	25936714	0	0	25936714	0	0	11008	https://ssdhillon.cloudwage.com/advances/136/edit
3	1	0	1	0	25949559	25949559	0	25949559	25949559	0	13376	https://ssdhillon.cloudwage.com/contracts/67/edit
3	1	0	1	0	25949559	25949559	0	25949559	25949559	0	13346	https://ssdhillon.cloudwage.com/contracts/71/edit
3	1	0	1	0	25868989	25868989	0	25868989	25868989	0	10284	https://ssdhillon.cloudwage.com/employee-deductions/create?deduction=7
3	124	2	4	0	25948004	25858871	0	25858727	25858727	0	1241434	https://ssdhillon.cloudwage.com/contracts/create
3	3	0	1	0	25868911	25868911	0	25868910	25868911	0	17897	https://ssdhillon.cloudwage.com/employee-deductions/create?deduction=6
3	3	0	2	0	25868908	25868908	0	25868905	25868908	0	22248	https://ssdhillon.cloudwage.com/employee-deductions/create?deduction=5
3	7	0	1	0	25873220	25868889	0	25868889	25868889	0	168482	https://ssdhillon.cloudwage.com/employee-deductions/create?deduction=2
3	37	0	14	0	25873238	25873238	0	25873223	25873224	0	289190	https://ssdhillon.cloudwage.com/employee-deductions/create?deduction=1
3	293	0	0	0	25961012	0	0	25860120	0	0	2195714	https://ssdhillon.cloudwage.com/loans
3	11	0	0	1	25945085	0	25898926	25898905	0	25898926	1304843	https://ssdhillon.cloudwage.com/payroll/0?all=true&main=Branches
3	336	1	3	0	25963732	25948086	0	25858708	25883370	0	2164520	https://ssdhillon.cloudwage.com/
3	4	0	0	0	25936639	0	0	25936639	0	0	19915	https://ssdhillon.cloudwage.com/advances/149/edit
3	5	0	0	0	25949568	0	0	25949565	0	0	46833	https://ssdhillon.cloudwage.com/employees/64
3	3	0	0	0	25945098	0	0	25945098	0	0	14483	https://ssdhillon.cloudwage.com/employees/63
3	5	0	0	0	25935014	0	0	25935012	0	0	72836	https://ssdhillon.cloudwage.com/payroll/522
3	9	0	0	0	25935076	0	0	25935042	0	0	69566	https://ssdhillon.cloudwage.com/employees/62
3	2	0	0	0	25935060	0	0	25935060	0	0	13848	https://ssdhillon.cloudwage.com/employees/61
3	14	0	0	0	25935052	0	0	25868956	0	0	92661	https://ssdhillon.cloudwage.com/employees/60
3	6	0	0	0	25935060	0	0	25868964	0	0	33803	https://ssdhillon.cloudwage.com/employees/59
3	32	0	0	5	25945088	0	25898926	25858709	0	25858709	929965	https://ssdhillon.cloudwage.com/payroll/0?all=true
3	16	1	0	0	25935060	0	0	25868964	0	0	211393	https://ssdhillon.cloudwage.com/employees/58
3	13	0	0	0	25935059	0	0	25868964	0	0	87205	https://ssdhillon.cloudwage.com/employees/57
3	7	0	0	0	25935058	0	0	25868963	0	0	41049	https://ssdhillon.cloudwage.com/employees/56
3	4	0	0	0	25935058	0	0	25868963	0	0	25086	https://ssdhillon.cloudwage.com/employees/55
3	6	0	0	0	25935057	0	0	25868963	0	0	46141	https://ssdhillon.cloudwage.com/employees/54
3	3	0	0	0	25868987	0	0	25868987	0	0	9119	https://ssdhillon.cloudwage.com/deductions/5/edit
3	11	0	0	0	25935057	0	0	25868963	0	0	45183	https://ssdhillon.cloudwage.com/employees/53
3	6	0	0	0	25872982	0	0	25858872	0	0	35231	https://ssdhillon.cloudwage.com/kra-imports
3	4	0	0	0	25935057	0	0	25868962	0	0	32374	https://ssdhillon.cloudwage.com/employees/52
3	4	0	0	0	25935056	0	0	25868962	0	0	25856	https://ssdhillon.cloudwage.com/employees/51
3	6	0	0	0	25935056	0	0	25868962	0	0	50223	https://ssdhillon.cloudwage.com/employees/49
3	6	0	0	0	25935056	0	0	25868962	0	0	51511	https://ssdhillon.cloudwage.com/employees/50
3	162	1	0	0	25935040	0	0	25858771	0	0	1558669	https://ssdhillon.cloudwage.com/advances/02-2019
3	3	0	1	0	25886073	25886073	0	25886073	25886073	0	21197	https://ssdhillon.cloudwage.com/employees/16/edit
3	11	0	0	0	25935056	0	0	25868961	0	0	67685	https://ssdhillon.cloudwage.com/employees/48
3	16	0	1	0	25928052	25928052	0	25893487	25928052	0	100272	https://ssdhillon.cloudwage.com/advances/84/edit
3	4	0	0	0	25935055	0	0	25868960	0	0	134581	https://ssdhillon.cloudwage.com/employees/47
3	69	0	11	4	25949360	25936720	25935140	25868941	25868941	25935139	548773	https://ssdhillon.cloudwage.com/payroll/0?sub=3-2019
3	5	0	0	0	25935055	0	0	25868960	0	0	45780	https://ssdhillon.cloudwage.com/employees/46
3	2	0	1	0	25873212	25873212	0	25873211	25873212	0	12540	https://ssdhillon.cloudwage.com/employee-payment-methods/57/edit
3	7	0	0	0	25935055	0	0	25868960	0	0	54481	https://ssdhillon.cloudwage.com/employees/45
3	6	0	0	0	25935055	0	0	25868959	0	0	32506	https://ssdhillon.cloudwage.com/employees/44
3	2	0	0	0	25869017	0	0	25869017	0	0	10121	https://ssdhillon.cloudwage.com/loans/1/edit
3	4	0	1	0	25872953	25872953	0	25872953	25872953	0	41262	https://ssdhillon.cloudwage.com/employees/20/edit
3	3	0	0	0	25935054	0	0	25868959	0	0	22911	https://ssdhillon.cloudwage.com/employees/43
3	5	0	0	0	25935054	0	0	25868959	0	0	45754	https://ssdhillon.cloudwage.com/employees/42
3	17	0	0	0	25935043	0	0	25868931	0	0	190128	https://ssdhillon.cloudwage.com/policies
3	6	0	0	0	25935054	0	0	25868958	0	0	51182	https://ssdhillon.cloudwage.com/employees/41
3	5	0	0	0	25935053	0	0	25868958	0	0	136636	https://ssdhillon.cloudwage.com/employees/40
3	10	0	0	0	25935053	0	0	25868957	0	0	153512	https://ssdhillon.cloudwage.com/employees/39
3	10	0	0	0	25935053	0	0	25868957	0	0	63231	https://ssdhillon.cloudwage.com/employees/38
3	6	0	0	0	25935052	0	0	25868957	0	0	160740	https://ssdhillon.cloudwage.com/employees/37
3	3	0	1	0	25872956	25872956	0	25872956	25872956	0	21408	https://ssdhillon.cloudwage.com/employees/23/edit
3	7	0	0	0	25935052	0	0	25868955	0	0	62485	https://ssdhillon.cloudwage.com/employees/36
3	17	0	0	0	25963744	0	0	25858708	0	0	94350	https://ssdhillon.cloudwage.com/css/components-rounded.css
3	4	0	0	0	25935052	0	0	25868955	0	0	25896	https://ssdhillon.cloudwage.com/employees/35
3	9	0	0	0	25935051	0	0	25868955	0	0	161035	https://ssdhillon.cloudwage.com/employees/34
3	1	0	0	0	25936715	0	0	25936715	0	0	11030	https://ssdhillon.cloudwage.com/advances/169/edit
3	7	0	0	0	25935051	0	0	25868954	0	0	151177	https://ssdhillon.cloudwage.com/employees/33
3	5	0	0	0	25935051	0	0	25868954	0	0	26277	https://ssdhillon.cloudwage.com/employees/32
3	8	0	2	0	25868897	25868897	0	25867458	25867458	0	61784	https://ssdhillon.cloudwage.com/employees/26/edit
3	7	0	0	0	25935050	0	0	25868954	0	0	51598	https://ssdhillon.cloudwage.com/employees/31
3	6	0	0	0	25935050	0	0	25868954	0	0	42505	https://ssdhillon.cloudwage.com/employees/30
3	15	0	0	0	25949530	0	0	25868894	0	0	216186	https://ssdhillon.cloudwage.com/employees/29
3	6	0	0	0	25935049	0	0	25868953	0	0	34540	https://ssdhillon.cloudwage.com/employees/27
3	6	0	0	0	25860143	0	0	25860110	0	0	32006	https://ssdhillon.cloudwage.com/advances/1/edit
3	6	0	2	0	25868897	25868897	0	25867458	25867458	0	54174	https://ssdhillon.cloudwage.com/employees/29/edit
3	1	0	1	0	25868898	25868898	0	25868898	25868898	0	13491	https://ssdhillon.cloudwage.com/employees/30/edit
3	18	0	0	0	25935049	0	0	25868890	0	0	115770	https://ssdhillon.cloudwage.com/employees/26
3	17	0	0	0	25935049	0	0	25868901	0	0	97693	https://ssdhillon.cloudwage.com/employees/25
3	15	0	0	0	25936695	0	0	25868982	0	0	58398	https://ssdhillon.cloudwage.com/employees/24
3	2	0	0	0	25873219	0	0	25873219	0	0	119238	https://ssdhillon.cloudwage.com/employees/21
3	4	0	1	0	25868913	25868913	0	25868913	25868913	0	22591	https://ssdhillon.cloudwage.com/employees/33/edit
3	1	0	0	0	25948115	0	0	25948115	0	0	11798	https://ssdhillon.cloudwage.com/employees/17
3	74	0	5	0	25961013	25945072	0	25935080	25936668	0	999751	https://ssdhillon.cloudwage.com/loans/04-2019
3	1	0	0	0	25909373	0	0	25909373	0	0	11531	https://ssdhillon.cloudwage.com/advances/7/edit
3	4	0	0	0	25868989	0	0	25868989	0	0	67298	https://ssdhillon.cloudwage.com/deductions/7
3	3	0	1	0	25868914	25868914	0	25868914	25868914	0	125426	https://ssdhillon.cloudwage.com/employees/36/edit
3	305	0	0	3	25963736	0	25949449	25935149	0	25935149	6989385	https://ssdhillon.cloudwage.com/print-payslips
3	5	0	0	0	25868912	0	0	25868910	0	0	38093	https://ssdhillon.cloudwage.com/deductions/6
3	13	0	0	0	25868986	0	0	25868905	0	0	173125	https://ssdhillon.cloudwage.com/deductions/5
3	4	0	0	0	25873221	0	0	25873221	0	0	128764	https://ssdhillon.cloudwage.com/deductions/3
3	4	0	0	0	25949535	0	0	25949534	0	0	156081	https://ssdhillon.cloudwage.com/payroll/1270
3	56	0	0	0	25873220	0	0	25868889	0	0	370307	https://ssdhillon.cloudwage.com/deductions/2
3	2	0	1	0	25868921	25868921	0	25868921	25868921	0	16442	https://ssdhillon.cloudwage.com/employees/39/edit
3	3	0	1	0	25868921	25868921	0	25868921	25868921	0	19114	https://ssdhillon.cloudwage.com/employees/40/edit
3	62	0	14	0	25949491	25873238	0	25873221	25873223	0	1139515	https://ssdhillon.cloudwage.com/deductions/1
3	202	0	52	7	25963737	25963737	25868994	25858710	25858739	25868912	2687057	https://ssdhillon.cloudwage.com/payroll/create
3	1	0	0	0	25860168	0	0	25860168	0	0	11828	https://ssdhillon.cloudwage.com/grades/1
3	1	0	1	0	25868922	25868922	0	25868922	25868922	0	13524	https://ssdhillon.cloudwage.com/employees/43/edit
3	195	1	3	1	25963744	25963744	25928093	25858740	25876228	25928093	1424183	https://ssdhillon.cloudwage.com/payroll-generate
3	1	0	0	0	25868890	0	0	25868890	0	0	8422	https://ssdhillon.cloudwage.com/allowances
3	4	0	1	0	25868924	25868924	0	25868924	25868924	0	22651	https://ssdhillon.cloudwage.com/employees/46/edit
3	1	0	1	0	25868925	25868925	0	25868925	25868925	0	13557	https://ssdhillon.cloudwage.com/employees/49/edit
3	1	0	1	0	25868925	25868925	0	25868925	25868925	0	13530	https://ssdhillon.cloudwage.com/employees/50/edit
3	394	31	71	1	25963744	25963731	25961011	25858707	25858708	25961011	4717605	https://ssdhillon.cloudwage.com/login
3	3	0	0	0	25936718	0	0	25936718	0	0	44097	https://ssdhillon.cloudwage.com/payroll/437
3	5	0	2	0	25868927	25868927	0	25868926	25868926	0	40186	https://ssdhillon.cloudwage.com/employees/53/edit
3	5	0	2	0	25868928	25868928	0	25868875	25868875	0	141814	https://ssdhillon.cloudwage.com/employees/56/edit
3	1	0	1	0	25868929	25868929	0	25868929	25868929	0	13515	https://ssdhillon.cloudwage.com/employees/59/edit
3	2	0	1	0	25945099	25945099	0	25945098	25945099	0	124462	https://ssdhillon.cloudwage.com/employees/63/edit
3	3	0	0	0	25873229	0	0	25873229	0	0	112328	https://ssdhillon.cloudwage.com/employee-deductions/187/edit
3	22	0	0	0	25963731	0	0	25858708	0	0	1263888	https://ssdhillon.cloudwage.com/plugins/font-awesome/css/font-awesome.min.css
3	24	0	0	0	25961011	0	0	25858708	0	0	1399756	https://ssdhillon.cloudwage.com/plugins/simple-line-icons/simple-line-icons.min.css
3	9	0	3	0	25949534	25949534	0	25949530	25949531	0	186074	https://ssdhillon.cloudwage.com/contracts/29/edit
4	0	0	1	0	0	25893518	0	0	25893518	0	0	Mozilla/5.0 (Windows NT 5.1) AppleWebKit/5341 (KHTML, like Gecko) Chrome/44.0.828.0 Safari/5341
4	5265	31	453	32	25963744	25963744	25961011	25909371	25909371	25928093	53136353	Mozilla/5.0 (Windows NT 6.1; Win64; x64; rv:66.0) Gecko/20100101 Firefox/66.0
4	0	0	0	1	0	0	25893518	0	0	25893518	0	Mozilla/5.0 (Windows NT 5.0) AppleWebKit/5310 (KHTML, like Gecko) Chrome/31.0.850.0 Safari/5310
4	0	0	10	0	0	25971098	0	0	25876457	0	0	Mozilla/5.0 (compatible; Nimbostratus-Bot/v1.3.2; http://cloudsystemnetworks.com)
4	0	0	1	0	0	25898172	0	0	25898172	0	0	Mozilla/5.0 (Windows; U; Windows NT 6.0) AppleWebKit/535.26.4 (KHTML, like Gecko) Version/4.0 Safari/535.26.4
4	0	0	0	1	0	0	25898172	0	0	25898172	0	Mozilla/5.0 Mozilla/5.0 (Windows NT 6.1; rv:24.0) Gecko/20150812 Firefox/24.0
4	0	0	2	0	0	25857211	0	0	25857185	0	0	Mozilla/5.0 (X11; Ubuntu; Linux x86_64; rv:58.0) Gecko/20100101 Firefox/58.0
4	0	0	4	0	0	25954493	0	0	25907693	0	0	Mozilla/5.0 (compatible; NetcraftSurveyAgent/1.0; +info@netcraft.com)
4	0	0	1	0	0	25896939	0	0	25896939	0	0	Mozilla/5.0 (Windows NT 6.1) AppleWebKit/5330 (KHTML, like Gecko) Chrome/51.0.849.0 Safari/5330
4	4989	42	459	18	25898942	25898942	25898926	25858707	25858707	25858709	46790492	Mozilla/5.0 (Windows NT 6.1; Win64; x64; rv:65.0) Gecko/20100101 Firefox/65.0
4	0	0	0	1	0	0	25896939	0	0	25896939	0	Mozilla/5.0 (Windows NT 5.0) AppleWebKit/5320 (KHTML, like Gecko) Chrome/48.0.835.0 Safari/5320
4	8	0	18	0	25968691	25969607	0	25926633	25926266	0	4759	Mozilla/5.0 (compatible; AhrefsBot/6.1; +http://ahrefs.com/robot/)
5	0	0	1	0	0	25968910	0	0	25968910	0	0	54.36.148.166
5	0	0	1	0	0	25968910	0	0	25968910	0	0	54.36.149.47
5	0	0	1	0	0	25914538	0	0	25914538	0	0	209.17.96.34
5	2	0	0	0	25952767	0	0	25949851	0	0	4615	54.36.148.72
5	0	0	1	0	0	25952653	0	0	25952653	0	0	54.36.148.158
5	0	0	1	0	0	25955844	0	0	25955844	0	0	54.36.149.40
5	0	0	1	0	0	25971098	0	0	25971098	0	0	209.17.96.242
5	0	0	1	0	0	25968691	0	0	25968691	0	0	54.36.148.154
5	0	0	1	0	0	25933836	0	0	25933836	0	0	54.36.150.188
5	0	0	1	0	0	25907693	0	0	25907693	0	0	165.227.211.32
5	0	0	1	0	0	25933836	0	0	25933836	0	0	54.36.150.35
5	0	0	2	0	0	25969607	0	0	25952767	0	0	54.36.148.233
5	0	0	1	0	0	25926266	0	0	25926266	0	0	54.36.148.150
5	0	0	1	0	0	25898410	0	0	25898410	0	0	209.17.96.234
5	0	0	1	0	0	25961184	0	0	25961184	0	0	54.36.149.99
5	0	0	1	0	0	25961184	0	0	25961184	0	0	54.36.149.98
5	0	0	1	0	0	25857211	0	0	25857211	0	0	62.4.14.206
5	0	0	1	0	0	25857185	0	0	25857185	0	0	195.154.61.206
5	0	0	1	0	0	25908958	0	0	25908958	0	0	209.17.97.58
5	0	0	1	0	0	25952653	0	0	25952653	0	0	54.36.149.96
5	1	0	0	0	25955844	0	0	25955844	0	0	24	54.36.149.106
5	1	0	0	0	25926633	0	0	25926633	0	0	24	54.36.150.23
5	0	0	1	0	0	25885434	0	0	25885434	0	0	209.17.96.10
5	0	0	1	0	0	25906044	0	0	25906044	0	0	209.17.97.106
5	0	0	1	0	0	25891123	0	0	25891123	0	0	209.17.96.218
5	1	0	0	0	25949851	0	0	25949851	0	0	24	54.36.148.209
5	1	0	0	0	25932982	0	0	25932982	0	0	24	54.36.150.10
5	0	0	1	0	0	25947885	0	0	25947885	0	0	54.36.148.208
5	0	0	1	0	0	25932982	0	0	25932982	0	0	54.36.149.80
5	0	0	1	0	0	25954493	0	0	25954493	0	0	104.248.4.125
5	1	0	0	0	25947885	0	0	25947885	0	0	24	54.36.148.204
5	1	0	0	0	25968691	0	0	25968691	0	0	24	54.36.148.32
5	0	0	1	0	0	25969544	0	0	25969544	0	0	54.36.148.201
5	10254	73	912	50	25963744	25963744	25961011	25858707	25858707	25858709	99926845	197.232.60.130
5	0	0	2	0	0	25896152	0	0	25876457	0	0	209.17.96.58
5	0	0	3	3	0	25898172	25898172	0	25893518	25893518	0	5.8.10.202
5	0	0	1	0	0	25950121	0	0	25950121	0	0	54.36.148.107
5	0	0	1	0	0	25880573	0	0	25880573	0	0	209.17.96.50
5	0	0	1	0	0	25954485	0	0	25954485	0	0	159.203.104.164
5	0	0	1	0	0	25907744	0	0	25907744	0	0	45.55.42.208
5	0	0	1	0	0	25950121	0	0	25950121	0	0	54.36.148.255
z	0	1495	0	25963734	0
z	2	9	0	25968691	312
z	3	816	0	25963744	340731
z	4	5890	72	25963744	29482626
z	5	1748	1	25963737	31047261
z	6	304	0	25963734	39060674
c	200	9325	25968691
c	206	9	25949449
c	301	18	25969607
c	302	931	25971098
c	304	928	25949452
c	404	5	25936777
c	405	2	25935149
c	416	2	25949448
c	500	44	25961011
